1333331
1333357
1333393
1333411
1333417
1333457
1333483
1333489
1333511
1333537
1333543
1333547
1333567
1333571
1333583
1333597
1333601
1333613
1333621
1333649
1333663
1333669
1333679
1333687
1333691
1333697
1333721
1333723
1333733
1333741
1333751
1333777
1333799
1333807
1333811
1333831
1333841
1333867
1333883
1333889
1333901
1333909
1333919
1333949
1333963
1333967
1333991
1333993
1333999
1334057
1334071
1334077
1334093
1334101
1334107
1334111
1334117
1334119
1334129
1334141
1334233
1334239
1334273
1334287
1334297
1334327
1334329
1334339
1334341
1334353
1334357
1334363
1334369
1334371
1334393
1334401
1334407
1334413
1334423
1334441
1334453
1334461
1334467
1334477
1334491
1334507
1334537
1334549
1334561
1334563
1334569
1334603
1334629
1334633
1334651
1334681
1334717
1334719
1334737
1334743
1334747
1334771
1334797
1334813
1334819
1334833
1334881
1334903
1334933
1334947
1334969
1335007
1335023
1335043
1335053
1335067
1335079
1335137
1335157
1335167
1335199
1335209
1335211
1335233
1335239
1335241
1335259
1335277
1335287
1335289
1335319
1335331
1335343
1335349
1335361
1335371
1335379
1335391
1335407
1335409
1335413
1335431
1335457
1335461
1335497
1335527
1335533
1335557
1335563
1335611
1335617
1335619
1335637
1335641
1335647
1335661
1335667
1335683
1335689
1335743
1335749
1335751
1335781
1335791
1335797
1335847
1335853
1335869
1335889
1335899
1335907
1335941
1335949
1335953
1335977
1335989
1335991
1336003
1336009
1336019
1336021
1336031
1336037
1336039
1336057
1336091
1336103
1336121
1336133
1336141
1336151
1336169
1336171
1336177
1336187
1336189
1336201
1336211
1336229
1336241
1336253
1336261
1336267
1336271
1336273
1336333
1336337
1336339
1336343
1336393
1336399
1336417
1336429
1336453
1336457
1336463
1336469
1336481
1336487
1336493
1336499
1336519
1336529
1336547
1336561
1336567
1336579
1336589
1336597
1336603
1336613
1336619
1336637
1336649
1336663
1336729
1336747
1336781
1336793
1336799
1336801
1336817
1336861
1336873
1336877
1336883
1336891
1336901
1336919
1336927
1336939
1336943
1336949
1336957
1336961
1336963
1336997
1337003
1337023
1337027
1337057
1337071
1337093
1337153
1337159
1337173
1337209
1337227
1337261
1337263
1337267
1337269
1337293
1337299
1337317
1337327
1337333
1337351
1337359
1337363
1337377
1337383
1337389
1337411
1337419
1337431
1337443
1337447
1337459
1337489
1337507
1337527
1337551
1337563
1337591
1337593
1337603
1337617
1337621
1337627
1337629
1337647
1337663
1337671
1337689
1337701
1337723
1337729
1337731
1337753
1337779
1337783
1337801
1337803
1337813
1337851
1337873
1337891
1337899
1337909
1337911
1337969
1337971
1337977
1337981
1337983
1337989
1338013
1338041
1338049
1338101
1338107
1338109
1338167
1338217
1338229
1338241
1338247
1338269
1338277
1338299
1338319
1338331
1338343
1338349
1338361
1338367
1338371
1338377
1338391
1338397
1338413
1338433
1338443
1338451
1338457
1338473
1338479
1338481
1338499
1338517
1338521
1338539
1338551
1338559
1338581
1338587
1338637
1338641
1338647
1338653
1338661
1338671
1338679
1338703
1338731
1338737
1338749
1338751
1338781
1338787
1338791
1338793
1338803
1338809
1338811
1338823
1338851
1338863
1338871
1338877
1338881
1338907
1338923
1338941
1338979
1339001
1339003
1339027
1339031
1339057
1339061
1339069
1339087
1339097
1339109
1339111
1339127
1339147
1339153
1339157
1339187
1339199
1339207
1339211
1339223
1339229
1339259
1339297
1339333
1339337
1339339
1339343
1339357
1339381
1339391
1339399
1339409
1339411
1339427
1339433
1339463
1339487
1339523
1339529
1339567
1339571
1339577
1339601
1339607
1339619
1339627
1339631
1339643
1339661
1339669
1339673
1339687
1339691
1339693
1339711
1339729
1339759
1339777
1339781
1339813
1339817
1339843
1339853
1339859
1339873
1339901
1339903
1339907
1339909
1339931
1339951
1339969
1339973
1339993
1340011
1340021
1340033
1340039
1340041
1340047
1340069
1340071
1340083
1340107
1340113
1340149
1340153
1340159
1340179
1340221
1340237
1340243
1340281
1340291
1340321
1340323
1340327
1340329
1340333
1340357
1340359
1340363
1340369
1340387
1340401
1340407
1340411
1340419
1340441
1340447
1340459
1340477
1340489
1340491
1340497
1340527
1340557
1340561
1340587
1340617
1340627
1340639
1340653
1340681
1340687
1340701
1340707
1340723
1340743
1340747
1340749
1340753
1340761
1340767
1340777
1340789
1340797
1340803
1340827
1340837
1340861
1340879
1340891
1340897
1340903
1340929
1340947
1340959
1340981
1341007
1341017
1341019
1341023
1341071
1341073
1341089
1341097
1341101
1341103
1341121
1341143
1341167
1341173
1341187
1341203
1341209
1341217
1341257
1341259
1341293
1341313
1341323
1341359
1341371
1341409
1341433
1341437
1341443
1341449
1341467
1341469
1341481
1341491
1341493
1341523
1341539
1341547
1341551
1341553
1341559
1341577
1341581
1341611
1341617
1341619
1341677
1341689
1341701
1341707
1341713
1341733
1341737
1341757
1341779
1341787
1341839
1341841
1341863
1341869
1341871
1341877
1341881
1341883
1341911
1341919
1341931
1341947
1341983
1342001
1342007
1342049
1342051
1342063
1342067
1342069
1342079
1342087
1342093
1342109
1342111
1342139
1342153
1342163
1342177
1342181
1342199
1342213
1342219
1342223
1342241
1342247
1342259
1342261
1342267
1342277
1342279
1342283
1342291
1342333
1342339
1342343
1342361
1342379
1342403
1342409
1342423
1342433
1342489
1342493
1342499
1342501
1342519
1342531
1342547
1342567
1342571
1342573
1342591
1342633
1342651
1342657
1342661
1342667
1342669
1342697
1342699
1342723
1342727
1342739
1342741
1342751
1342753
1342799
1342801
1342829
1342849
1342871
1342877
1342883
1342897
1342907
1342909
1342963
1342969
1342973
1342987
1343003
1343009
1343029
1343033
1343047
1343057
1343059
1343071
1343081
1343113
1343161
1343183
1343197
1343203
1343219
1343233
1343257
1343263
1343299
1343311
1343317
1343327
1343333
1343341
1343351
1343369
1343383
1343387
1343389
1343413
1343423
1343431
1343467
1343477
1343479
1343491
1343501
1343519
1343549
1343567
1343569
1343579
1343593
1343597
1343627
1343651
1343653
1343669
1343677
1343681
1343689
1343717
1343723
1343743
1343747
1343759
1343767
1343789
1343791
1343801
1343863
1343873
1343887
1343893
1343899
1343911
1343917
1343941
1343957
1343963
1343971
1343983
1343987
1344011
1344017
1344029
1344043
1344053
1344073
1344113
1344127
1344151
1344157
1344163
1344169
1344181
1344199
1344227
1344271
1344283
1344311
1344319
1344337
1344347
1344359
1344389
1344401
1344403
1344407
1344457
1344461
1344463
1344487
1344491
1344503
1344509
1344559
1344569
1344583
1344589
1344593
1344599
1344601
1344641
1344647
1344667
1344671
1344709
1344727
1344743
1344767
1344779
1344781
1344793
1344797
1344799
1344821
1344823
1344829
1344857
1344859
1344869
1344899
1344901
1344907
1344943
1344947
1344949
1344979
1345009
1345013
1345027
1345033
1345037
1345051
1345079
1345117
1345129
1345139
1345153
1345177
1345207
1345229
1345231
1345241
1345243
1345271
1345273
1345277
1345297
1345301
1345303
1345343
1345349
1345361
1345423
1345441
1345451
1345453
1345457
1345471
1345481
1345507
1345537
1345541
1345549
1345559
1345577
1345583
1345621
1345627
1345633
1345649
1345651
1345667
1345691
1345693
1345699
1345711
1345733
1345759
1345777
1345781
1345783
1345787
1345811
1345859
1345879
1345889
1345913
1345921
1345931
1345933
1345951
1345957
1345973
1345987
1345997
1346003
1346021
1346039
1346063
1346083
1346117
1346119
1346123
1346129
1346143
1346159
1346161
1346173
1346183
1346243
1346249
1346273
1346309
1346311
1346333
1346341
1346353
1346357
1346363
1346369
1346377
1346419
1346437
1346447
1346461
1346479
1346483
1346491
1346533
1346537
1346539
1346567
1346591
1346593
1346603
1346623
1346629
1346641
1346647
1346669
1346693
1346711
1346729
1346743
1346747
1346753
1346773
1346827
1346831
1346843
1346861
1346881
1346899
1346909
1346951
1346953
1346957
1346971
1346977
1346987
1346993
1346999
1347001
1347013
1347019
1347053
1347077
1347091
1347103
1347113
1347127
1347149
1347191
1347209
1347211
1347221
1347223
1347263
1347277
1347287
1347289
1347293
1347329
1347331
1347337
1347341
1347377
1347389
1347391
1347397
1347413
1347433
1347457
1347469
1347473
1347481
1347487
1347527
1347553
1347557
1347569
1347587
1347611
1347617
1347623
1347637
1347667
1347679
1347707
1347713
1347733
1347739
1347757
1347763
1347767
1347769
1347781
1347791
1347817
1347877
1347881
1347893
1347901
1347919
1347937
1347953
1347967
1347971
1347989
1348001
1348013
1348027
1348033
1348051
1348063
1348073
1348111
1348129
1348133
1348157
1348177
1348211
1348223
1348231
1348247
1348271
1348309
1348313
1348331
1348357
1348363
1348379
1348381
1348387
1348393
1348409
1348427
1348441
1348483
1348489
1348493
1348507
1348511
1348517
1348537
1348541
1348547
1348549
1348553
1348561
1348573
1348577
1348583
1348597
1348619
1348621
1348637
1348673
1348727
1348733
1348747
1348757
1348769
1348793
1348843
1348847
1348849
1348871
1348873
1348889
1348891
1348901
1348913
1348931
1348937
1348939
1348951
1348957
1348961
1348987
1349003
1349017
1349053
1349059
1349063
1349077
1349087
1349119
1349129
1349143
1349147
1349149
1349177
1349189
1349207
1349219
1349233
1349251
1349281
1349287
1349317
1349339
1349357
1349363
1349371
1349393
1349401
1349407
1349423
1349471
1349473
1349531
1349533
1349651
1349669
1349671
1349683
1349687
1349701
1349707
1349713
1349737
1349753
1349773
1349807
1349809
1349827
1349867
1349891
1349897
1349903
1349917
1349927
1349941
1349947
1349977
1349993
1350001
1350017
1350023
1350029
1350047
1350049
1350053
1350059
1350061
1350073
1350101
1350119
1350127
1350133
1350187
1350203
1350229
1350247
1350257
1350277
1350287
1350313
1350317
1350319
1350331
1350341
1350343
1350367
1350373
1350379
1350383
1350403
1350449
1350457
1350467
1350469
1350473
1350487
1350509
1350511
1350521
1350533
1350541
1350551
1350553
1350563
1350593
1350607
1350623
1350641
1350647
1350677
1350697
1350703
1350709
1350731
1350743
1350749
1350751
1350761
1350773
1350779
1350799
1350809
1350823
1350847
1350851
1350857
1350883
1350889
1350893
1350911
1350959
1350961
1350977
1351019
1351027
1351037
1351039
1351061
1351069
1351079
1351087
1351093
1351099
1351111
1351117
1351121
1351123
1351127
1351151
1351169
1351171
1351183
1351199
1351213
1351241
1351243
1351247
1351249
1351253
1351267
1351283
1351289
1351291
1351309
1351327
1351373
1351387
1351397
1351403
1351417
1351421
1351423
1351439
1351459
1351523
1351529
1351541
1351543
1351547
1351589
1351621
1351639
1351663
1351667
1351697
1351703
1351711
1351747
1351751
1351781
1351783
1351799
1351813
1351829
1351837
1351841
1351843
1351853
1351897
1351901
1351913
1351919
1351921
1351949
1351957
1351967
1351979
1351981
1351991
1351997
1352069
1352093
1352107
1352111
1352119
1352123
1352149
1352167
1352171
1352191
1352201
1352203
1352207
1352209
1352227
1352257
1352269
1352279
1352291
1352293
1352311
1352317
1352347
1352359
1352369
1352371
1352383
1352389
1352419
1352441
1352443
1352447
1352459
1352489
1352521
1352543
1352557
1352597
1352599
1352627
1352641
1352657
1352669
1352749
1352753
1352761
1352773
1352777
1352779
1352783
1352803
1352807
1352839
1352849
1352861
1352863
1352873
1352881
1352893
1352903
1352917
1352921
1352957
1352963
1352969
1352977
1352987
1352993
1352999
1353007
1353019
1353029
1353043
1353059
1353089
1353091
1353101
1353133
1353137
1353173
1353179
1353197
1353221
1353223
1353239
1353241
1353257
1353259
1353269
1353277
1353281
1353293
1353301
1353311
1353329
1353371
1353377
1353383
1353397
1353433
1353449
1353463
1353479
1353487
1353551
1353581
1353593
1353607
1353613
1353629
1353641
1353679
1353689
1353701
1353707
1353713
1353733
1353743
1353763
1353767
1353791
1353809
1353827
1353839
1353857
1353881
1353887
1353893
1353901
1353917
1353949
1353967
1353973
1353977
1353983
1354007
1354009
1354013
1354019
1354021
1354037
1354043
1354051
1354057
1354063
1354069
1354081
1354127
1354153
1354159
1354181
1354193
1354207
1354229
1354231
1354247
1354267
1354289
1354291
1354303
1354307
1354321
1354333
1354337
1354343
1354349
1354361
1354391
1354393
1354471
1354481
1354487
1354499
1354501
1354523
1354547
1354571
1354583
1354589
1354601
1354603
1354637
1354649
1354651
1354663
1354687
1354711
1354741
1354777
1354811
1354813
1354819
1354823
1354841
1354853
1354877
1354889
1354901
1354931
1354937
1354939
1354943
1354949
1354957
1354981
1354987
1355021
1355047
1355063
1355071
1355089
1355113
1355119
1355129
1355131
1355153
1355191
1355219
1355243
1355261
1355267
1355269
1355279
1355281
1355293
1355297
1355303
1355309
1355311
1355323
1355329
1355353
1355357
1355363
1355371
1355399
1355401
1355423
1355429
1355443
1355447
1355449
1355483
1355503
1355507
1355513
1355533
1355573
1355579
1355591
1355609
1355623
1355647
1355657
1355659
1355677
1355681
1355693
1355713
1355741
1355743
1355749
1355759
1355771
1355777
1355803
1355807
1355819
1355831
1355843
1355857
1355863
1355867
1355881
1355891
1355917
1355923
1355933
1355941
1355947
1355957
1355983
1355987
1355989
1355999
1356007
1356037
1356053
1356059
1356067
1356077
1356079
1356083
1356101
1356109
1356133
1356143
1356151
1356167
1356169
1356181
1356197
1356221
1356227
1356247
1356253
1356259
1356269
1356319
1356331
1356337
1356371
1356389
1356401
1356409
1356427
1356431
1356451
1356461
1356463
1356473
1356491
1356497
1356499
1356503
1356539
1356547
1356571
1356577
1356599
1356611
1356623
1356629
1356643
1356647
1356659
1356671
1356689
1356697
1356709
1356713
1356721
1356727
1356737
1356743
1356757
1356763
1356811
1356829
1356857
1356869
1356871
1356877
1356899
1356907
1356911
1356913
1356919
1356947
1356973
1357001
1357003
1357009
1357021
1357039
1357043
1357061
1357063
1357079
1357091
1357129
1357163
1357183
1357193
1357201
1357333
1357337
1357351
1357361
1357423
1357427
1357429
1357453
1357463
1357507
1357513
1357537
1357547
1357549
1357561
1357571
1357589
1357619
1357651
1357661
1357669
1357673
1357679
1357703
1357717
1357729
1357753
1357771
1357781
1357787
1357801
1357817
1357823
1357843
1357871
1357883
1357901
1357907
1357919
1357927
1357969
1358009
1358029
1358033
1358039
1358047
1358057
1358059
1358083
1358087
1358111
1358143
1358153
1358167
1358171
1358179
1358183
1358197
1358209
1358213
1358221
1358251
1358257
1358263
1358281
1358297
1358299
1358303
1358309
1358323
1358333
1358353
1358359
1358363
1358369
1358377
1358387
1358393
1358411
1358417
1358437
1358459
1358471
1358477
1358479
1358491
1358507
1358509
1358537
1358561
1358611
1358639
1358647
1358689
1358701
1358713
1358717
1358729
1358741
1358743
1358779
1358783
1358801
1358803
1358807
1358809
1358813
1358821
1358831
1358837
1358857
1358881
1358887
1358891
1358927
1358933
1358939
1358953
1358957
1358977
1358983
1358993
1359023
1359053
1359077
1359091
1359097
1359161
1359173
1359179
1359181
1359209
1359223
1359233
1359247
1359271
1359283
1359307
1359311
1359313
1359329
1359349
1359361
1359367
1359373
1359377
1359401
1359427
1359467
1359487
1359493
1359499
1359509
1359521
1359529
1359563
1359571
1359581
1359619
1359641
1359647
1359661
1359679
1359689
1359719
1359727
1359731
1359733
1359739
1359769
1359803
1359817
1359823
1359833
1359857
1359859
1359871
1359901
1359913
1359937
1359947
1359959
1359971
1359977
1359979
1359991
1359997
1360027
1360049
1360067
1360069
1360081
1360087
1360097
1360103
1360141
1360159
1360171
1360189
1360193
1360201
1360207
1360213
1360223
1360237
1360241
1360253
1360259
1360277
1360279
1360283
1360309
1360313
1360319
1360327
1360349
1360367
1360409
1360417
1360423
1360439
1360441
1360451
1360507
1360511
1360517
1360529
1360531
1360537
1360589
1360591
1360607
1360613
1360631
1360637
1360673
1360687
1360699
1360729
1360747
1360753
1360759
1360763
1360769
1360781
1360783
1360787
1360789
1360811
1360819
1360829
1360847
1360861
1360873
1360889
1360903
1360921
1360943
1360967
1360973
1360981
1361011
1361021
1361023
1361029
1361047
1361051
1361053
1361069
1361081
1361089
1361099
1361123
1361131
1361137
1361149
1361153
1361183
1361197
1361273
1361279
1361287
1361291
1361299
1361317
1361357
1361363
1361383
1361387
1361389
1361401
1361417
1361431
1361441
1361443
1361453
1361471
1361491
1361497
1361533
1361573
1361587
1361593
1361599
1361603
1361609
1361629
1361677
1361699
1361707
1361713
1361741
1361743
1361777
1361791
1361803
1361809
1361813
1361827
1361831
1361839
1361849
1361879
1361903
1361911
1361929
1361953
1361957
1361959
1361963
1361999
1362017
1362019
1362041
1362059
1362071
1362089
1362103
1362131
1362161
1362181
1362203
1362209
1362211
1362223
1362247
1362271
1362287
1362293
1362299
1362301
1362337
1362341
1362343
1362349
1362353
1362367
1362371
1362401
1362407
1362409
1362421
1362437
1362443
1362457
1362461
1362463
1362479
1362511
1362521
1362523
1362551
1362607
1362619
1362629
1362631
1362637
1362643
1362653
1362689
1362701
1362707
1362709
1362719
1362731
1362761
1362763
1362787
1362833
1362863
1362869
1362883
1362919
1362929
1362931
1362937
1362967
1362973
1362989
1362997
1363027
1363031
1363051
1363069
1363081
1363093
1363099
1363121
1363133
1363139
1363151
1363157
1363171
1363183
1363189
1363207
1363217
1363223
1363259
1363267
1363273
1363277
1363301
1363309
1363321
1363331
1363333
1363361
1363367
1363381
1363393
1363403
1363409
1363429
1363433
1363447
1363469
1363477
1363489
1363511
1363513
1363541
1363547
1363559
1363577
1363603
1363627
1363631
1363673
1363679
1363717
1363727
1363751
1363753
1363771
1363781
1363787
1363793
1363807
1363811
1363837
1363847
1363867
1363883
1363891
1363897
1363909
1363913
1363933
1363937
1363949
1363963
1363979
1363993
1364009
1364017
1364039
1364047
1364059
1364071
1364101
1364137
1364141
1364161
1364177
1364179
1364183
1364191
1364201
1364203
1364213
1364221
1364239
1364243
1364263
1364287
1364299
1364303
1364309
1364323
1364327
1364329
1364339
1364351
1364359
1364381
1364399
1364401
1364417
1364423
1364431
1364453
1364477
1364483
1364491
1364533
1364569
1364581
1364609
1364617
1364621
1364633
1364663
1364677
1364717
1364719
1364731
1364747
1364761
1364771
1364773
1364791
1364809
1364821
1364861
1364897
1364911
1364917
1364953
1364963
1364969
1364971
1365011
1365019
1365029
1365037
1365043
1365047
1365071
1365079
1365097
1365103
1365107
1365109
1365127
1365137
1365139
1365149
1365163
1365167
1365181
1365193
1365197
1365223
1365239
1365251
1365269
1365281
1365289
1365307
1365311
1365313
1365347
1365361
1365367
1365373
1365383
1365431
1365449
1365461
1365467
1365499
1365503
1365547
1365557
1365563
1365571
1365577
1365583
1365659
1365667
1365703
1365709
1365719
1365731
1365733
1365761
1365787
1365799
1365811
1365821
1365869
1365877
1365907
1365911
1365913
1365919
1365977
1365979
1365983
1366009
1366019
1366021
1366031
1366087
1366093
1366109
1366117
1366121
1366159
1366163
1366187
1366213
1366241
1366279
1366289
1366291
1366297
1366303
1366327
1366333
1366349
1366367
1366397
1366427
1366433
1366459
1366471
1366481
1366483
1366493
1366507
1366517
1366523
1366529
1366531
1366543
1366549
1366577
1366597
1366601
1366609
1366627
1366639
1366643
1366649
1366657
1366661
1366663
1366667
1366693
1366709
1366721
1366747
1366753
1366763
1366769
1366793
1366801
1366829
1366831
1366837
1366843
1366861
1366877
1366889
1366903
1366907
1366921
1366933
1366943
1366957
1366979
1366991
1366997
1367017
1367027
1367057
1367059
1367077
1367087
1367101
1367117
1367137
1367141
1367153
1367159
1367161
1367167
1367203
1367231
1367257
1367279
1367291
1367299
1367323
1367339
1367341
1367383
1367393
1367417
1367423
1367447
1367459
1367461
1367479
1367501
1367507
1367519
1367521
1367533
1367539
1367543
1367551
1367573
1367579
1367581
1367593
1367617
1367647
1367687
1367711
1367713
1367749
1367761
1367777
1367783
1367789
1367819
1367827
1367831
1367851
1367857
1367869
1367881
1367887
1367893
1367903
1367921
1367929
1367953
1367963
1367987
1368013
1368053
1368071
1368077
1368079
1368083
1368119
1368121
1368127
1368161
1368163
1368167
1368173
1368181
1368187
1368203
1368229
1368233
1368251
1368253
1368259
1368271
1368281
1368287
1368319
1368329
1368331
1368337
1368343
1368349
1368373
1368377
1368397
1368401
1368439
1368443
1368461
1368463
1368467
1368469
1368473
1368487
1368491
1368509
1368527
1368529
1368547
1368599
1368617
1368643
1368659
1368673
1368683
1368727
1368737
1368739
1368761
1368791
1368793
1368797
1368803
1368811
1368827
1368839
1368841
1368847
1368869
1368907
1368911
1368943
1368967
1368971
1368979
1368989
1369009
1369013
1369019
1369021
1369033
1369051
1369057
1369097
1369099
1369103
1369133
1369139
1369153
1369169
1369183
1369201
1369217
1369219
1369223
1369229
1369243
1369297
1369309
1369321
1369337
1369339
1369369
1369373
1369391
1369393
1369411
1369427
1369429
1369451
1369457
1369483
1369499
1369517
1369531
1369541
1369559
1369561
1369597
1369607
1369619
1369651
1369657
1369723
1369727
1369733
1369747
1369759
1369763
1369783
1369787
1369789
1369793
1369801
1369813
1369831
1369853
1369861
1369871
1369883
1369897
1369943
1369961
1369969
1369981
1370027
1370051
1370053
1370059
1370063
1370069
1370077
1370093
1370099
1370101
1370111
1370113
1370143
1370177
1370189
1370197
1370219
1370227
1370263
1370269
1370287
1370297
1370311
1370321
1370323
1370329
1370359
1370377
1370389
1370407
1370431
1370449
1370459
1370461
1370471
1370483
1370491
1370503
1370519
1370521
1370531
1370533
1370573
1370587
1370597
1370599
1370617
1370623
1370657
1370669
1370683
1370687
1370701
1370723
1370741
1370749
1370773
1370779
1370819
1370821
1370833
1370839
1370857
1370861
1370891
1370899
1370909
1370921
1370933
1370953
1370977
1370981
1370987
1371001
1371017
1371031
1371047
1371061
1371079
1371089
1371103
1371107
1371113
1371119
1371121
1371137
1371151
1371157
1371179
1371187
1371193
1371217
1371229
1371259
1371263
1371301
1371343
1371353
1371389
1371397
1371431
1371449
1371493
1371499
1371511
1371541
1371551
1371563
1371569
1371581
1371583
1371589
1371593
1371599
1371607
1371619
1371641
1371647
1371653
1371661
1371683
1371703
1371731
1371749
1371763
1371767
1371779
1371803
1371817
1371827
1371841
1371863
1371893
1371899
1371911
1371913
1371943
1371947
1371949
1371989
1371991
1372027
1372043
1372051
1372079
1372081
1372097
1372103
1372109
1372127
1372139
1372171
1372183
1372187
1372207
1372211
1372243
1372253
1372271
1372303
1372307
1372331
1372363
1372369
1372373
1372379
1372391
1372403
1372411
1372417
1372421
1372451
1372471
1372493
1372531
1372537
1372543
1372549
1372559
1372583
1372607
1372621
1372627
1372633
1372661
1372667
1372673
1372727
1372739
1372747
1372757
1372759
1372771
1372799
1372829
1372843
1372849
1372867
1372879
1372913
1372933
1372951
1372957
1372961
1372963
1372979
1372981
1372991
1372999
1373027
1373041
1373051
1373059
1373081
1373087
1373129
1373137
1373147
1373153
1373159
1373161
1373167
1373173
1373189
1373191
1373201
1373219
1373227
1373233
1373321
1373341
1373347
1373357
1373363
1373369
1373371
1373381
1373417
1373419
1373431
1373441
1373473
1373483
1373497
1373501
1373521
1373531
1373539
1373543
1373557
1373563
1373591
1373611
1373627
1373639
1373677
1373683
1373689
1373717
1373761
1373777
1373789
1373803
1373819
1373839
1373843
1373849
1373851
1373861
1373873
1373881
1373887
1373891
1373959
1373989
1374007
1374019
1374029
1374041
1374053
1374067
1374073
1374077
1374083
1374101
1374133
1374157
1374173
1374187
1374209
1374211
1374239
1374257
1374271
1374277
1374299
1374301
1374311
1374313
1374341
1374367
1374377
1374379
1374407
1374413
1374431
1374437
1374473
1374481
1374497
1374511
1374533
1374539
1374547
1374551
1374557
1374559
1374589
1374601
1374613
1374617
1374619
1374673
1374677
1374683
1374691
1374697
1374713
1374719
1374721
1374731
1374743
1374749
1374761
1374787
1374827
1374833
1374847
1374851
1374869
1374887
1374929
1374937
1374941
1374953
1374983
1375007
1375013
1375019
1375021
1375037
1375039
1375043
1375051
1375063
1375091
1375103
1375109
1375111
1375117
1375133
1375141
1375159
1375189
1375211
1375219
1375223
1375237
1375243
1375261
1375303
1375307
1375313
1375337
1375357
1375373
1375379
1375411
1375417
1375421
1375433
1375457
1375481
1375513
1375531
1375547
1375567
1375571
1375597
1375601
1375609
1375637
1375639
1375669
1375679
1375681
1375709
1375723
1375727
1375729
1375739
1375747
1375757
1375769
1375783
1375799
1375807
1375813
1375817
1375819
1375823
1375853
1375877
1375879
1375901
1375921
1375937
1375949
1375951
1375981
1375987
1376003
1376009
1376017
1376033
1376071
1376077
1376093
1376131
1376147
1376153
1376161
1376171
1376173
1376191
1376197
1376203
1376213
1376231
1376237
1376257
1376317
1376321
1376339
1376359
1376377
1376383
1376393
1376407
1376423
1376429
1376443
1376447
1376449
1376461
1376467
1376471
1376491
1376497
1376503
1376509
1376513
1376533
1376539
1376567
1376591
1376603
1376621
1376623
1376653
1376693
1376699
1376701
1376719
1376723
1376729
1376737
1376747
1376773
1376777
1376789
1376819
1376827
1376839
1376897
1376899
1376923
1376929
1376939
1376957
1376971
1376981
1377023
1377031
1377037
1377041
1377043
1377071
1377107
1377121
1377127
1377133
1377137
1377151
1377157
1377169
1377179
1377191
1377223
1377269
1377281
1377293
1377317
1377347
1377349
1377353
1377359
1377371
1377377
1377379
1377403
1377407
1377421
1377427
1377451
1377457
1377469
1377479
1377487
1377491
1377499
1377517
1377533
1377553
1377577
1377589
1377601
1377637
1377643
1377653
1377659
1377667
1377679
1377713
1377737
1377749
1377751
1377757
1377773
1377781
1377787
1377791
1377793
1377811
1377821
1377829
1377847
1377851
1377853
1377881
1377911
1377913
1377923
1377931
1377967
1377973
1377977
1377983
1378001
1378007
1378009
1378019
1378031
1378033
1378057
1378061
1378067
1378073
1378081
1378099
1378103
1378129
1378141
1378147
1378151
1378163
1378187
1378189
1378199
1378217
1378219
1378231
1378249
1378253
1378271
1378277
1378301
1378319
1378337
1378339
1378373
1378387
1378397
1378427
1378439
1378441
1378499
1378501
1378511
1378519
1378529
1378541
1378561
1378567
1378579
1378589
1378591
1378603
1378613
1378639
1378669
1378673
1378679
1378681
1378691
1378703
1378721
1378733
1378759
1378763
1378777
1378799
1378801
1378807
1378813
1378823
1378831
1378841
1378843
1378847
1378859
1378903
1378907
1378943
1378957
1378961
1378969
1378997
1378999
1379003
1379017
1379029
1379047
1379069
1379071
1379089
1379099
1379107
1379111
1379129
1379137
1379141
1379167
1379173
1379201
1379207
1379237
1379239
1379251
1379263
1379291
1379321
1379353
1379359
1379369
1379383
1379387
1379423
1379447
1379449
1379461
1379467
1379473
1379489
1379491
1379503
1379509
1379513
1379519
1379549
1379579
1379603
1379621
1379629
1379633
1379639
1379641
1379657
1379659
1379663
1379681
1379699
1379753
1379797
1379801
1379803
1379809
1379813
1379821
1379857
1379867
1379869
1379879
1379887
1379897
1379923
1379929
1379947
1379953
1379957
1379969
1379981
1379993
1380007
1380013
1380031
1380047
1380053
1380083
1380149
1380157
1380163
1380199
1380221
1380227
1380233
1380241
1380251
1380259
1380271
1380277
1380283
1380289
1380307
1380317
1380319
1380329
1380341
1380377
1380389
1380397
1380419
1380427
1380439
1380443
1380469
1380499
1380517
1380551
1380557
1380563
1380571
1380607
1380611
1380619
1380623
1380629
1380637
1380653
1380671
1380677
1380679
1380707
1380721
1380727
1380763
1380779
1380781
1380793
1380811
1380817
1380853
1380881
1380887
1380889
1380913
1380931
1380947
1380949
1380959
1380971
1380983
1380997
1381027
1381033
1381043
1381057
1381069
1381103
1381109
1381111
1381141
1381147
1381153
1381187
1381207
1381213
1381217
1381229
1381231
1381271
1381273
1381277
1381279
1381291
1381297
1381307
1381313
1381327
1381337
1381349
1381381
1381397
1381409
1381411
1381421
1381427
1381439
1381441
1381451
1381459
1381483
1381487
1381489
1381493
1381507
1381517
1381519
1381529
1381537
1381553
1381559
1381609
1381613
1381621
1381637
1381643
1381649
1381693
1381697
1381727
1381739
1381747
1381759
1381769
1381819
1381837
1381859
1381871
1381883
1381901
1381907
1381921
1381967
1381969
1381973
1381979
1381993
1381997
1381999
1382021
1382023
1382039
1382057
1382089
1382099
1382107
1382113
1382123
1382159
1382167
1382177
1382179
1382189
1382191
1382201
1382207
1382221
1382237
1382243
1382279
1382291
1382309
1382327
1382393
1382419
1382449
1382477
1382501
1382503
1382519
1382527
1382533
1382543
1382551
1382567
1382597
1382609
1382621
1382629
1382651
1382663
1382671
1382677
1382681
1382753
1382767
1382779
1382819
1382827
1382861
1382891
1382893
1382939
1382957
1382959
1382977
1382987
1382989
1382999
1383037
1383043
1383047
1383077
1383089
1383113
1383121
1383139
1383169
1383191
1383199
1383203
1383209
1383287
1383301
1383323
1383331
1383359
1383367
1383377
1383379
1383391
1383401
1383433
1383449
1383451
1383479
1383493
1383497
1383509
1383517
1383521
1383553
1383583
1383589
1383593
1383607
1383653
1383659
1383667
1383691
1383731
1383737
1383743
1383757
1383761
1383769
1383797
1383799
1383803
1383829
1383853
1383857
1383881
1383901
1383913
1383917
1383923
1383937
1383947
1383959
1383961
1383983
1384013
1384027
1384043
1384067
1384069
1384079
1384087
1384091
1384099
1384109
1384121
1384139
1384171
1384189
1384193
1384219
1384231
1384237
1384241
1384247
1384249
1384303
1384309
1384337
1384343
1384349
1384351
1384387
1384391
1384403
1384433
1384477
1384499
1384501
1384507
1384561
1384601
1384613
1384619
1384631
1384661
1384673
1384679
1384697
1384699
1384711
1384717
1384727
1384741
1384781
1384787
1384813
1384829
1384843
1384847
1384849
1384861
1384879
1384909
1384913
1384919
1384921
1384937
1384951
1384961
1384963
1384979
1384993
1385003
1385009
1385017
1385023
1385039
1385051
1385057
1385071
1385077
1385093
1385099
1385101
1385113
1385117
1385147
1385149
1385171
1385179
1385183
1385191
1385203
1385213
1385273
1385287
1385291
1385299
1385303
1385327
1385333
1385341
1385369
1385383
1385387
1385389
1385393
1385399
1385401
1385411
1385429
1385437
1385441
1385459
1385471
1385477
1385479
1385507
1385521
1385561
1385563
1385569
1385603
1385609
1385621
1385647
1385693
1385743
1385749
1385753
1385767
1385777
1385779
1385801
1385809
1385827
1385833
1385837
1385843
1385861
1385863
1385869
1385873
1385887
1385893
1385899
1385921
1385929
1385947
1385953
1385963
1385977
1385987
1386013
1386037
1386043
1386053
1386079
1386083
1386089
1386097
1386139
1386149
1386167
1386179
1386181
1386193
1386199
1386211
1386223
1386239
1386263
1386271
1386283
1386293
1386311
1386313
1386317
1386337
1386361
1386377
1386379
1386383
1386419
1386443
1386457
1386479
1386491
1386499
1386551
1386557
1386569
1386587
1386607
1386611
1386617
1386631
1386643
1386659
1386667
1386691
1386703
1386731
1386733
1386757
1386767
1386773
1386779
1386787
1386811
1386821
1386823
1386839
1386857
1386863
1386881
1386883
1386901
1386929
1386947
1386949
1386953
1386977
1386991
1387007
1387021
1387037
1387039
1387069
1387109
1387117
1387121
1387123
1387129
1387147
1387151
1387163
1387189
1387207
1387213
1387231
1387259
1387261
1387271
1387289
1387313
1387327
1387349
1387357
1387363
1387367
1387403
1387417
1387427
1387433
1387499
1387501
1387517
1387531
1387571
1387579
1387583
1387597
1387601
1387649
1387667
1387669
1387681
1387691
1387717
1387721
1387733
1387781
1387783
1387801
1387807
1387819
1387823
1387847
1387849
1387871
1387877
1387879
1387913
1387921
1387927
1387943
1387961
1387987
1388003
1388011
1388021
1388029
1388041
1388053
1388059
1388063
1388069
1388077
1388081
1388113
1388117
1388141
1388161
1388171
1388183
1388227
1388243
1388269
1388279
1388287
1388293
1388297
1388323
1388327
1388353
1388357
1388363
1388369
1388381
1388393
1388411
1388419
1388449
1388461
1388467
1388473
1388477
1388479
1388483
1388587
1388593
1388603
1388623
1388627
1388633
1388641
1388659
1388669
1388687
1388693
1388701
1388719
1388743
1388773
1388789
1388791
1388797
1388819
1388837
1388873
1388887
1388927
1388941
1388953
1388963
1388969
1389001
1389007
1389083
1389097
1389107
1389133
1389139
1389149
1389163
1389169
1389173
1389191
1389209
1389211
1389217
1389221
1389229
1389233
1389251
1389259
1389277
1389281
1389301
1389319
1389329
1389347
1389371
1389383
1389403
1389431
1389433
1389439
1389469
1389473
1389481
1389491
1389511
1389533
1389539
1389547
1389551
1389559
1389569
1389587
1389589
1389623
1389629
1389643
1389667
1389673
1389677
1389697
1389727
1389749
1389769
1389797
1389809
1389811
1389833
1389841
1389851
1389853
1389877
1389887
1389893
1389911
1389917
1389919
1389943
1389961
1389989
1389991
1390003
1390019
1390027
1390043
1390069
1390087
1390111
1390117
1390121
1390157
1390159
1390177
1390199
1390219
1390241
1390247
1390253
1390283
1390297
1390309
1390331
1390339
1390343
1390357
1390369
1390387
1390391
1390399
1390409
1390421
1390457
1390469
1390471
1390483
1390489
1390507
1390517
1390541
1390547
1390573
1390601
1390607
1390619
1390621
1390633
1390639
1390643
1390681
1390693
1390699
1390703
1390709
1390729
1390733
1390757
1390759
1390771
1390783
1390789
1390801
1390813
1390841
1390847
1390859
1390891
1390901
1390903
1390913
1390919
1390931
1390937
1390967
1390969
1390979
1390993
1391011
1391023
1391029
1391041
1391051
1391057
1391081
1391083
1391087
1391113
1391119
1391129
1391183
1391189
1391207
1391233
1391239
1391261
1391267
1391281
1391287
1391317
1391323
1391353
1391363
1391381
1391393
1391407
1391413
1391419
1391441
1391447
1391461
1391479
1391483
1391519
1391521
1391549
1391557
1391561
1391563
1391567
1391573
1391587
1391597
1391627
1391629
1391641
1391647
1391651
1391653
1391669
1391701
1391713
1391729
1391779
1391849
1391861
1391893
1391899
1391917
1391927
1391933
1391941
1391969
1391981
1391989
1392007
1392089
1392101
1392103
1392133
1392143
1392163
1392197
1392221
1392229
1392233
1392253
1392269
1392271
1392277
1392311
1392323
1392353
1392361
1392367
1392373
1392379
1392407
1392431
1392449
1392451
1392463
1392473
1392481
1392497
1392527
1392539
1392541
1392553
1392557
1392607
1392619
1392631
1392649
1392679
1392697
1392701
1392707
1392731
1392733
1392763
1392773
1392779
1392803
1392817
1392829
1392847
1392851
1392877
1392883
1392889
1392901
1392943
1392953
1392959
1392977
1392983
1393003
1393019
1393027
1393039
1393043
1393069
1393079
1393097
1393103
1393121
1393123
1393141
1393159
1393181
1393187
1393193
1393219
1393229
1393241
1393253
1393261
1393283
1393297
1393313
1393331
1393333
1393361
1393367
1393373
1393387
1393397
1393417
1393451
1393453
1393459
1393471
1393489
1393493
1393523
1393559
1393577
1393589
1393607
1393619
1393627
1393633
1393649
1393657
1393661
1393663
1393681
1393687
1393697
1393723
1393739
1393751
1393771
1393781
1393807
1393817
1393831
1393837
1393871
1393883
1393891
1393913
1393919
1393921
1393927
1393933
1393937
1393939
1393957
1393963
1393967
1393969
1393979
1393981
1393991
1393999
1394009
1394021
1394023
1394027
1394047
1394083
1394089
1394131
1394137
1394147
1394149
1394167
1394177
1394209
1394251
1394269
1394273
1394293
1394297
1394299
1394321
1394359
1394383
1394389
1394401
1394413
1394417
1394423
1394431
1394441
1394453
1394479
1394489
1394501
1394509
1394539
1394557
1394573
1394579
1394599
1394633
1394669
1394671
1394681
1394683
1394699
1394707
1394711
1394713
1394737
1394747
1394749
1394753
1394777
1394821
1394831
1394849
1394857
1394891
1394893
1394909
1394917
1394933
1394941
1394977
1394983
1394989
1394993
1395001
1395029
1395047
1395059
1395067
1395073
1395077
1395083
1395109
1395127
1395137
1395167
1395179
1395181
1395187
1395209
1395223
1395263
1395283
1395293
1395301
1395319
1395323
1395337
1395347
1395367
1395413
1395419
1395439
1395463
1395467
1395469
1395481
1395487
1395491
1395523
1395533
1395551
1395553
1395557
1395577
1395593
1395613
1395623
1395629
1395643
1395659
1395661
1395671
1395673
1395679
1395697
1395739
1395743
1395749
1395773
1395781
1395791
1395809
1395817
1395829
1395839
1395859
1395869
1395871
1395883
1395907
1395923
1395943
1395983
1395991
1395997
1396001
1396007
1396013
1396027
1396033
1396037
1396049
1396051
1396061
1396069
1396093
1396099
1396103
1396127
1396141
1396183
1396189
1396207
1396211
1396217
1396223
1396237
1396247
1396259
1396273
1396301
1396303
1396327
1396331
1396387
1396393
1396411
1396427
1396429
1396433
1396453
1396469
1396487
1396513
1396517
1396523
1396529
1396531
1396541
1396547
1396559
1396561
1396579
1396607
1396613
1396627
1396657
1396663
1396667
1396673
1396679
1396687
1396691
1396697
1396711
1396723
1396751
1396753
1396757
1396789
1396817
1396819
1396841
1396847
1396849
1396867
1396877
1396903
1396909
1396939
1396949
1396963
1396979
1396987
1396991
1396999
1397021
1397023
1397029
1397041
1397057
1397059
1397063
1397069
1397087
1397101
1397107
1397117
1397119
1397131
1397153
1397159
1397161
1397167
1397177
1397189
1397219
1397233
1397251
1397257
1397261
1397267
1397287
1397303
1397311
1397329
1397339
1397359
1397437
1397441
1397443
1397447
1397477
1397483
1397491
1397497
1397509
1397521
1397531
1397551
1397563
1397569
1397579
1397581
1397603
1397609
1397633
1397657
1397681
1397717
1397719
1397729
1397743
1397761
1397783
1397833
1397839
1397857
1397861
1397873
1397881
1397909
1397933
1397939
1397951
1397953
1397959
1397983
1397989
1397999
1398011
1398017
1398031
1398037
1398043
1398049
1398053
1398079
1398083
1398091
1398107
1398113
1398121
1398127
1398139
1398151
1398161
1398197
1398209
1398211
1398217
1398227
1398247
1398251
1398259
1398263
1398269
1398281
1398283
1398289
1398307
1398323
1398329
1398347
1398349
1398367
1398401
1398407
1398413
1398421
1398427
1398451
1398473
1398493
1398497
1398517
1398521
1398541
1398557
1398559
1398569
1398577
1398581
1398599
1398611
1398619
1398623
1398659
1398667
1398701
1398707
1398721
1398731
1398737
1398763
1398769
1398773
1398779
1398781
1398841
1398847
1398863
1398871
1398911
1398967
1398973
1398977
1398979
1398997
1399003
1399009
1399019
1399033
1399037
1399039
1399063
1399109
1399121
1399129
1399133
1399183
1399187
1399193
1399199
1399201
1399213
1399231
1399261
1399271
1399273
1399283
1399301
1399319
1399351
1399357
1399361
1399367
1399373
1399381
1399393
1399399
1399403
1399417
1399427
1399439
1399441
1399469
1399471
1399477
1399493
1399499
1399507
1399513
1399529
1399537
1399543
1399547
1399549
1399553
1399577
1399579
1399583
1399589
1399603
1399609
1399621
1399633
1399639
1399663
1399679
1399687
1399691
1399709
1399721
1399733
1399751
1399777
1399789
1399793
1399813
1399817
1399819
1399837
1399843
1399847
1399861
1399883
1399913
1399919
1399943
1399963
1399999
1400017
1400023
1400029
1400039
1400051
1400081
1400093
1400107
1400131
1400141
1400143
1400159
1400173
1400197
1400249
1400251
1400261
1400279
1400297
1400299
1400303
1400327
1400353
1400369
1400383
1400387
1400411
1400417
1400423
1400449
1400453
1400479
1400489
1400507
1400527
1400543
1400557
1400587
1400599
1400627
1400653
1400669
1400687
1400689
1400701
1400731
1400747
1400753
1400801
1400803
1400807
1400809
1400821
1400863
1400873
1400879
1400881
1400887
1400891
1400899
1400923
1400939
1400941
1400947
1400989
1401007
1401017
1401031
1401053
1401067
1401083
1401119
1401131
1401139
1401151
1401167
1401187
1401199
1401203
1401217
1401233
1401247
1401263
1401287
1401317
1401319
1401349
1401371
1401377
1401401
1401403
1401409
1401437
1401443
1401461
1401481
1401487
1401511
1401529
1401559
1401571
1401601
1401607
1401613
1401623
1401629
1401641
1401679
1401683
1401703
1401713
1401721
1401737
1401739
1401761
1401767
1401791
1401793
1401809
1401811
1401817
1401821
1401823
1401857
1401937
1401943
1401949
1401971
1401977
1401979
1401989
1402003
1402019
1402031
1402061
1402081
1402087
1402123
1402127
1402129
1402147
1402153
1402157
1402169
1402201
1402231
1402249
1402267
1402277
1402283
1402301
1402309
1402361
1402363
1402367
1402369
1402391
1402397
1402399
1402417
1402421
1402439
1402459
1402477
1402493
1402501
1402519
1402529
1402543
1402547
1402567
1402571
1402589
1402603
1402673
1402693
1402697
1402699
1402711
1402727
1402763
1402771
1402799
1402801
1402811
1402829
1402847
1402859
1402871
1402873
1402883
1402901
1402937
1402943
1402957
1403009
1403021
1403057
1403071
1403081
1403113
1403137
1403147
1403159
1403167
1403189
1403239
1403249
1403251
1403257
1403261
1403287
1403309
1403323
1403327
1403351
1403357
1403371
1403377
1403383
1403393
1403399
1403407
1403411
1403417
1403429
1403443
1403453
1403459
1403461
1403489
1403491
1403531
1403533
1403557
1403569
1403579
1403603
1403609
1403617
1403627
1403641
1403651
1403653
1403657
1403681
1403683
1403693
1403747
1403789
1403791
1403807
1403813
1403819
1403827
1403833
1403849
1403869
1403879
1403887
1403893
1403903
1403921
1403923
1403933
1403939
1403951
1403953
1403957
1403971
1403981
1404059
1404061
1404071
1404107
1404131
1404133
1404163
1404181
1404191
1404211
1404229
1404257
1404283
1404287
1404289
1404323
1404367
1404371
1404391
1404397
1404419
1404427
1404437
1404439
1404467
1404479
1404497
1404503
1404527
1404539
1404547
1404569
1404577
1404581
1404583
1404617
1404643
1404649
1404653
1404671
1404709
1404721
1404737
1404743
1404749
1404763
1404791
1404797
1404811
1404833
1404859
1404869
1404881
1404883
1404899
1404911
1404919
1404937
1404959
1404961
1404973
1404979
1404989
1405007
1405009
1405039
1405087
1405097
1405099
1405109
1405127
1405133
1405141
1405147
1405153
1405163
1405171
1405181
1405207
1405211
1405241
1405247
1405249
1405267
1405289
1405309
1405319
1405333
1405343
1405351
1405361
1405363
1405367
1405387
1405403
1405421
1405451
1405477
1405493
1405511
1405513
1405529
1405531
1405561
1405583
1405597
1405631
1405637
1405643
1405669
1405681
1405693
1405699
1405709
1405721
1405751
1405759
1405769
1405787
1405801
1405813
1405823
1405841
1405879
1405919
1405927
1405939
1405979
1405997
1406011
1406033
1406039
1406051
1406071
1406077
1406081
1406089
1406101
1406159
1406161
1406173
1406213
1406221
1406231
1406267
1406281
1406311
1406351
1406357
1406387
1406389
1406417
1406429
1406441
1406443
1406453
1406459
1406479
1406497
1406521
1406533
1406539
1406543
1406549
1406557
1406591
1406593
1406609
1406617
1406633
1406651
1406677
1406683
1406689
1406701
1406707
1406771
1406773
1406789
1406803
1406807
1406827
1406837
1406849
1406857
1406861
1406879
1406897
1406927
1406939
1406947
1406953
1406959
1406983
1407011
1407017
1407019
1407023
1407037
1407041
1407047
1407053
1407061
1407101
1407113
1407143
1407151
1407181
1407187
1407193
1407223
1407229
1407247
1407251
1407253
1407257
1407271
1407281
1407293
1407317
1407319
1407323
1407337
1407361
1407383
1407389
1407391
1407397
1407409
1407449
1407467
1407473
1407487
1407491
1407499
1407503
1407533
1407547
1407551
1407557
1407559
1407569
1407587
1407599
1407607
1407611
1407613
1407619
1407629
1407647
1407661
1407667
1407671
1407709
1407727
1407751
1407793
1407811
1407823
1407827
1407829
1407841
1407851
1407869
1407877
1407883
1407893
1407937
1407971
1407997
1408007
1408009
1408021
1408027
1408031
1408067
1408079
1408087
1408111
1408123
1408151
1408177
1408181
1408201
1408217
1408219
1408241
1408279
1408289
1408301
1408339
1408349
1408367
1408373
1408397
1408409
1408411
1408417
1408453
1408493
1408499
1408523
1408529
1408567
1408573
1408577
1408597
1408601
1408613
1408619
1408621
1408633
1408651
1408661
1408663
1408669
1408697
1408699
1408703
1408709
1408741
1408763
1408769
1408787
1408789
1408817
1408829
1408843
1408859
1408867
1408871
1408873
1408879
1408889
1408961
1408963
1408987
1408991
1408993
1408999
1409017
1409027
1409033
1409041
1409053
1409063
1409069
1409101
1409117
1409159
1409171
1409203
1409207
1409209
1409227
1409231
1409237
1409251
1409263
1409299
1409311
1409327
1409329
1409341
1409357
1409381
1409393
1409399
1409407
1409459
1409467
1409489
1409491
1409503
1409519
1409531
1409533
1409537
1409543
1409549
1409579
1409581
1409587
1409633
1409651
1409659
1409677
1409713
1409717
1409731
1409741
1409753
1409773
1409783
1409789
1409791
1409797
1409803
1409833
1409843
1409851
1409869
1409879
1409899
1409917
1409957
1409977
1409999
1410007
1410023
1410037
1410043
1410049
1410053
1410077
1410103
1410109
1410139
1410163
1410169
1410179
1410187
1410197
1410203
1410217
1410223
1410239
1410247
1410257
1410289
1410293
1410301
1410307
1410319
1410361
1410373
1410377
1410397
1410401
1410413
1410421
1410449
1410457
1410463
1410467
1410499
1410509
1410527
1410553
1410571
1410587
1410599
1410623
1410653
1410679
1410683
1410697
1410707
1410709
1410727
1410733
1410743
1410757
1410767
1410781
1410803
1410809
1410811
1410823
1410833
1410859
1410887
1410907
1410911
1410923
1410931
1410943
1410947
1410961
1410971
1410973
1410977
1410979
1411013
1411021
1411037
1411043
1411049
1411061
1411099
1411117
1411127
1411141
1411159
1411171
1411181
1411183
1411199
1411219
1411243
1411247
1411271
1411283
1411297
1411307
1411313
1411331
1411369
1411387
1411411
1411427
1411429
1411433
1411471
1411481
1411499
1411519
1411541
1411559
1411573
1411583
1411603
1411607
1411609
1411621
1411637
1411649
1411667
1411679
1411703
1411721
1411727
1411759
1411769
1411777
1411783
1411789
1411793
1411829
1411831
1411847
1411873
1411889
1411897
1411903
1411931
1411937
1411961
1411979
1411987
1411997
1412009
1412011
1412017
1412041
1412051
1412053
1412057
1412087
1412093
1412107
1412141
1412153
1412171
1412183
1412189
1412197
1412219
1412221
1412227
1412231
1412239
1412273
1412287
1412297
1412317
1412321
1412339
1412347
1412351
1412357
1412363
1412381
1412393
1412399
1412413
1412419
1412429
1412447
1412461
1412471
1412473
1412483
1412497
1412527
1412539
1412563
1412597
1412603
1412617
1412629
1412633
1412641
1412647
1412651
1412659
1412681
1412689
1412693
1412711
1412713
1412753
1412759
1412767
1412777
1412779
1412791
1412797
1412813
1412833
1412837
1412849
1412857
1412861
1412863
1412893
1412903
1412911
1412933
1412947
1412969
1412981
1413001
1413007
1413017
1413029
1413031
1413043
1413077
1413079
1413089
1413103
1413107
1413131
1413133
1413161
1413169
1413173
1413179
1413211
1413221
1413233
1413253
1413271
1413283
1413301
1413341
1413361
1413371
1413413
1413427
1413439
1413443
1413449
1413479
1413481
1413487
1413509
1413521
1413523
1413527
1413541
1413551
1413571
1413593
1413623
1413641
1413647
1413661
1413673
1413677
1413679
1413689
1413691
1413749
1413751
1413773
1413781
1413793
1413827
1413829
1413851
1413859
1413877
1413889
1413931
1413949
1413959
1413991
1414001
1414027
1414031
1414067
1414073
1414081
1414097
1414123
1414129
1414181
1414207
1414211
1414241
1414261
1414267
1414291
1414297
1414307
1414319
1414321
1414331
1414373
1414381
1414393
1414397
1414409
1414423
1414453
1414463
1414481
1414507
1414513
1414549
1414573
1414577
1414597
1414613
1414619
1414627
1414631
1414663
1414681
1414697
1414703
1414709
1414733
1414741
1414801
1414837
1414849
1414913
1414921
1414943
1414957
1414979
1414993
1414999
1415023
1415039
1415059
1415069
1415077
1415081
1415083
1415093
1415137
1415143
1415179
1415191
1415207
1415221
1415231
1415237
1415263
1415273
1415303
1415317
1415321
1415339
1415341
1415357
1415377
1415387
1415411
1415419
1415441
1415459
1415467
1415473
1415497
1415507
1415567
1415569
1415591
1415611
1415629
1415639
1415647
1415651
1415681
1415707
1415741
1415753
1415773
1415779
1415783
1415803
1415819
1415831
1415833
1415837
1415851
1415881
1415929
1415933
1415957
1415971
1415977
1415989
1416007
1416011
1416029
1416031
1416043
1416047
1416053
1416061
1416067
1416071
1416073
1416097
1416109
1416113
1416137
1416143
1416161
1416167
1416187
1416197
1416199
1416209
1416211
1416223
1416277
1416293
1416299
1416329
1416341
1416433
1416449
1416461
1416473
1416479
1416487
1416497
1416511
1416551
1416577
1416587
1416601
1416617
1416629
1416631
1416641
1416671
1416691
1416703
1416713
1416739
1416749
1416757
1416769
1416799
1416803
1416809
1416829
1416851
1416859
1416871
1416913
1416931
1416937
1416941
1416949
1416953
1416977
1416997
1417019
1417033
1417051
1417057
1417067
1417093
1417123
1417159
1417183
1417189
1417217
1417219
1417223
1417253
1417261
1417271
1417279
1417301
1417303
1417309
1417313
1417319
1417331
1417337
1417349
1417363
1417369
1417393
1417399
1417417
1417439
1417453
1417459
1417463
1417469
1417487
1417489
1417499
1417523
1417541
1417543
1417561
1417573
1417583
1417597
1417631
1417639
1417649
1417679
1417693
1417699
1417727
1417747
1417751
1417769
1417771
1417777
1417807
1417831
1417841
1417873
1417883
1417891
1417901
1417907
1417931
1417967
1417979
1417991
1417993
1418009
1418023
1418047
1418051
1418059
1418063
1418077
1418093
1418101
1418107
1418117
1418119
1418147
1418159
1418161
1418167
1418201
1418213
1418233
1418239
1418243
1418251
1418257
1418267
1418297
1418299
1418353
1418363
1418399
1418423
1418447
1418449
1418453
1418491
1418513
1418551
1418561
1418567
1418569
1418579
1418581
1418611
1418621
1418687
1418689
1418693
1418741
1418759
1418771
1418783
1418797
1418831
1418849
1418867
1418869
1418873
1418881
1418917
1418951
1418953
1418959
1418983
1419001
1419023
1419029
1419037
1419059
1419073
1419079
1419083
1419097
1419137
1419157
1419161
1419163
1419179
1419199
1419233
1419239
1419247
1419251
1419263
1419269
1419293
1419311
1419317
1419337
1419349
1419359
1419371
1419373
1419377
1419389
1419403
1419427
1419469
1419487
1419493
1419497
1419511
1419527
1419533
1419557
1419563
1419589
1419611
1419617
1419641
1419643
1419673
1419679
1419683
1419689
1419697
1419701
1419713
1419739
1419749
1419763
1419791
1419799
1419809
1419827
1419829
1419833
1419839
1419877
1419883
1419911
1419919
1419947
1419961
1419967
1419973
1420009
1420031
1420037
1420039
1420057
1420063
1420073
1420091
1420093
1420099
1420109
1420121
1420123
1420151
1420169
1420201
1420207
1420253
1420259
1420261
1420277
1420283
1420291
1420301
1420303
1420357
1420369
1420373
1420399
1420403
1420429
1420483
1420493
1420501
1420511
1420519
1420561
1420577
1420583
1420603
1420607
1420613
1420621
1420631
1420633
1420651
1420667
1420697
1420717
1420721
1420729
1420753
1420777
1420789
1420807
1420817
1420819
1420831
1420841
1420847
1420879
1420883
1420891
1420901
1420919
1420921
1420931
1420933
1420949
1420967
1420981
1420999
1421011
1421027
1421039
1421041
1421083
1421093
1421099
1421113
1421141
1421153
1421159
1421191
1421213
1421221
1421227
1421243
1421249
1421267
1421291
1421293
1421309
1421317
1421339
1421351
1421389
1421401
1421417
1421437
1421449
1421461
1421471
1421473
1421479
1421501
1421521
1421527
1421543
1421549
1421569
1421603
1421611
1421621
1421627
1421639
1421647
1421663
1421669
1421677
1421689
1421711
1421731
1421737
1421741
1421747
1421759
1421773
1421779
1421801
1421813
1421857
1421867
1421909
1421911
1421933
1421963
1421969
1421977
1421989
1422007
1422011
1422013
1422023
1422061
1422089
1422097
1422103
1422107
1422119
1422133
1422163
1422191
1422193
1422199
1422221
1422227
1422229
1422241
1422257
1422277
1422287
1422293
1422367
1422409
1422419
1422433
1422437
1422439
1422461
1422469
1422493
1422521
1422523
1422541
1422563
1422583
1422593
1422599
1422601
1422637
1422647
1422661
1422671
1422677
1422691
1422709
1422721
1422727
1422749
1422763
1422797
1422821
1422833
1422857
1422877
1422899
1422907
1422923
1422937
1422961
1422973
1422977
1422979
1422991
1423003
1423039
1423061
1423067
1423073
1423091
1423111
1423127
1423129
1423159
1423181
1423183
1423187
1423193
1423231
1423237
1423243
1423259
1423273
1423277
1423283
1423297
1423307
1423319
1423321
1423327
1423333
1423339
1423361
1423369
1423379
1423381
1423391
1423399
1423403
1423417
1423439
1423441
1423451
1423453
1423463
1423469
1423481
1423483
1423507
1423511
1423547
1423553
1423579
1423589
1423603
1423607
1423627
1423637
1423663
1423691
1423703
1423711
1423717
1423753
1423757
1423759
1423781
1423789
1423819
1423843
1423853
1423897
1423901
1423909
1423921
1423931
1423943
1423949
1423957
1423967
1423969
1423979
1423991
1423997
1424021
1424023
1424041
1424077
1424119
1424123
1424149
1424177
1424191
1424231
1424237
1424257
1424261
1424263
1424317
1424323
1424341
1424347
1424351
1424359
1424369
1424399
1424407
1424417
1424431
1424441
1424443
1424471
1424477
1424483
1424497
1424503
1424513
1424519
1424531
1424539
1424557
1424561
1424569
1424573
1424581
1424603
1424659
1424681
1424699
1424701
1424707
1424723
1424737
1424743
1424749
1424767
1424771
1424779
1424789
1424803
1424809
1424831
1424837
1424849
1424851
1424869
1424881
1424903
1424911
1424933
1424939
1424947
1424959
1424963
1424989
1425007
1425029
1425049
1425071
1425077
1425079
1425091
1425097
1425113
1425121
1425139
1425169
1425187
1425199
1425217
1425227
1425251
1425253
1425271
1425293
1425299
1425301
1425311
1425337
1425343
1425367
1425371
1425427
1425439
1425451
1425469
1425481
1425491
1425497
1425503
1425511
1425521
1425527
1425539
1425547
1425583
1425601
1425607
1425629
1425649
1425653
1425661
1425667
1425707
1425733
1425757
1425769
1425791
1425797
1425811
1425821
1425863
1425877
1425881
1425883
1425889
1425899
1425911
1425913
1425917
1425929
1425953
1425967
1425973
1426003
1426043
1426057
1426063
1426067
1426081
1426097
1426109
1426111
1426123
1426127
1426129
1426141
1426151
1426153
1426157
1426163
1426169
1426171
1426199
1426211
1426213
1426223
1426231
1426237
1426247
1426277
1426289
1426291
1426301
1426303
1426331
1426343
1426361
1426367
1426379
1426393
1426427
1426429
1426457
1426471
1426489
1426499
1426511
1426519
1426541
1426543
1426553
1426559
1426567
1426583
1426613
1426619
1426627
1426643
1426669
1426673
1426693
1426699
1426703
1426717
1426723
1426741
1426751
1426753
1426781
1426801
1426807
1426811
1426847
1426877
1426883
1426889
1426891
1426907
1426913
1426927
1426933
1426939
1426949
1426951
1426969
1426981
1426987
1426991
1427017
1427021
1427039
1427047
1427089
1427093
1427117
1427141
1427143
1427191
1427221
1427227
1427233
1427281
1427291
1427297
1427323
1427329
1427341
1427347
1427359
1427383
1427389
1427399
1427401
1427407
1427411
1427431
1427453
1427479
1427483
1427501
1427509
1427513
1427521
1427539
1427551
1427561
1427563
1427567
1427599
1427617
1427627
1427653
1427663
1427681
1427687
1427707
1427737
1427747
1427749
1427753
1427773
1427809
1427821
1427843
1427851
1427879
1427887
1427893
1427897
1427911
1427917
1427927
1427957
1427963
1427969
1427999
1428013
1428029
1428041
1428079
1428109
1428113
1428127
1428137
1428143
1428151
1428157
1428169
1428179
1428197
1428199
1428209
1428233
1428247
1428253
1428257
1428281
1428359
1428389
1428409
1428419
1428431
1428473
1428491
1428521
1428529
1428541
1428571
1428587
1428593
1428601
1428613
1428631
1428649
1428671
1428673
1428677
1428689
1428703
1428709
1428751
1428767
1428769
1428787
1428793
1428811
1428839
1428851
1428853
1428863
1428887
1428893
1428899
1428923
1428929
1428937
1428949
1428953
1428979
1428991
1428997
1429027
1429061
1429063
1429067
1429081
1429093
1429097
1429117
1429133
1429163
1429187
1429201
1429231
1429247
1429249
1429261
1429279
1429283
1429303
1429319
1429349
1429367
1429369
1429387
1429397
1429399
1429403
1429409
1429423
1429451
1429469
1429481
1429507
1429523
1429529
1429531
1429543
1429553
1429567
1429573
1429583
1429591
1429601
1429609
1429619
1429633
1429651
1429661
1429669
1429697
1429721
1429733
1429741
1429759
1429763
1429777
1429783
1429801
1429811
1429817
1429829
1429837
1429843
1429849
1429859
1429861
1429867
1429871
1429889
1429907
1429913
1429927
1429943
1429951
1429969
1430027
1430041
1430063
1430089
1430119
1430131
1430167
1430179
1430183
1430197
1430201
1430237
1430239
1430243
1430279
1430281
1430287
1430291
1430293
1430321
1430357
1430381
1430413
1430419
1430441
1430461
1430479
1430503
1430521
1430543
1430587
1430593
1430603
1430617
1430641
1430647
1430659
1430677
1430683
1430687
1430707
1430711
1430713
1430717
1430729
1430749
1430783
1430789
1430797
1430801
1430813
1430851
1430857
1430861
1430879
1430881
1430887
1430903
1430921
1430939
1430953
1430959
1430969
1430971
1430987
1430993
1431007
1431013
1431029
1431047
1431071
1431097
1431107
1431113
1431119
1431127
1431139
1431149
1431161
1431173
1431191
1431193
1431203
1431211
1431217
1431223
1431253
1431257
1431263
1431277
1431307
1431317
1431323
1431337
1431347
1431361
1431373
1431377
1431379
1431389
1431413
1431421
1431439
1431449
1431461
1431467
1431491
1431503
1431511
1431523
1431539
1431557
1431569
1431571
1431581
1431601
1431607
1431613
1431637
1431649
1431659
1431713
1431721
1431733
1431737
1431751
1431763
1431769
1431779
1431799
1431809
1431827
1431841
1431847
1431851
1431869
1431907
1431917
1431919
1431923
1431929
1431959
1431967
1431977
1432001
1432019
1432021
1432031
1432073
1432091
1432103
1432111
1432129
1432139
1432147
1432177
1432181
1432217
1432243
1432271
1432273
1432297
1432303
1432313
1432351
1432357
1432363
1432411
1432423
1432427
1432439
1432441
1432447
1432451
1432469
1432481
1432489
1432493
1432511
1432517
1432531
1432547
1432549
1432559
1432577
1432583
1432589
1432591
1432621
1432637
1432649
1432667
1432679
1432681
1432699
1432703
1432723
1432729
1432741
1432757
1432799
1432801
1432807
1432813
1432841
1432859
1432891
1432897
1432903
1432927
1432931
1432943
1432957
1432979
1432987
1432997
1433011
1433017
1433021
1433041
1433053
1433057
1433059
1433071
1433101
1433119
1433123
1433129
1433137
1433149
1433177
1433203
1433207
1433213
1433239
1433251
1433273
1433293
1433309
1433329
1433351
1433353
1433357
1433363
1433371
1433413
1433437
1433473
1433477
1433489
1433503
1433513
1433519
1433527
1433539
1433573
1433581
1433587
1433591
1433603
1433623
1433629
1433633
1433669
1433681
1433689
1433699
1433711
1433717
1433723
1433737
1433741
1433743
1433767
1433777
1433801
1433813
1433819
1433821
1433833
1433849
1433891
1433903
1433909
1433941
1433947
1433953
1433989
1434011
1434019
1434023
1434031
1434067
1434077
1434089
1434107
1434109
1434131
1434133
1434143
1434149
1434161
1434187
1434203
1434217
1434229
1434241
1434247
1434259
1434281
1434283
1434289
1434337
1434353
1434359
1434373
1434383
1434397
1434421
1434431
1434439
1434451
1434457
1434469
1434473
1434491
1434493
1434497
1434539
1434541
1434553
1434571
1434593
1434599
1434607
1434617
1434623
1434637
1434661
1434677
1434679
1434691
1434707
1434731
1434737
1434743
1434757
1434779
1434791
1434793
1434803
1434827
1434841
1434847
1434857
1434883
1434887
1434911
1434913
1434929
1434941
1434943
1434991
1434997
1435001
1435009
1435037
1435061
1435069
1435079
1435097
1435103
1435111
1435117
1435121
1435129
1435139
1435141
1435151
1435163
1435171
1435183
1435201
1435219
1435229
1435237
1435243
1435249
1435261
1435271
1435277
1435289
1435307
1435339
1435363
1435373
1435403
1435409
1435417
1435457
1435459
1435477
1435493
1435501
1435519
1435523
1435537
1435543
1435559
1435561
1435571
1435573
1435589
1435597
1435607
1435613
1435627
1435631
1435657
1435663
1435669
1435739
1435741
1435751
1435783
1435787
1435793
1435801
1435829
1435831
1435853
1435901
1435909
1435919
1435921
1435937
1435997
1436003
1436021
1436023
1436027
1436063
1436069
1436087
1436089
1436093
1436101
1436111
1436131
1436147
1436159
1436173
1436203
1436207
1436221
1436231
1436249
1436251
1436257
1436263
1436269
1436291
1436297
1436311
1436333
1436339
1436363
1436387
1436411
1436417
1436429
1436431
1436437
1436441
1436443
1436467
1436471
1436507
1436527
1436531
1436537
1436563
1436593
1436623
1436627
1436639
1436651
1436693
1436711
1436731
1436737
1436749
1436767
1436779
1436797
1436801
1436803
1436849
1436867
1436899
1436909
1436917
1436923
1436933
1436957
1436999
1437011
1437013
1437019
1437031
1437041
1437047
1437049
1437053
1437097
1437101
1437133
1437187
1437193
1437199
1437203
1437223
1437229
1437239
1437251
1437257
1437263
1437283
1437287
1437301
1437313
1437323
1437329
1437341
1437347
1437349
1437379
1437389
1437391
1437409
1437421
1437427
1437451
1437461
1437467
1437481
1437493
1437511
1437517
1437551
1437577
1437581
1437607
1437613
1437629
1437641
1437647
1437659
1437691
1437697
1437713
1437719
1437739
1437743
1437757
1437773
1437797
1437817
1437833
1437841
1437847
1437851
1437853
1437869
1437883
1437899
1437913
1437949
1437959
1437967
1437991
1438001
1438009
1438033
1438057
1438061
1438067
1438069
1438093
1438097
1438103
1438109
1438117
1438123
1438159
1438163
1438169
1438181
1438207
1438211
1438223
1438231
1438237
1438253
1438267
1438271
1438279
1438291
1438303
1438379
1438399
1438417
1438447
1438457
1438477
1438483
1438501
1438517
1438537
1438583
1438609
1438643
1438663
1438667
1438681
1438687
1438709
1438721
1438729
1438747
1438751
1438753
1438763
1438771
1438793
1438817
1438831
1438837
1438847
1438849
1438867
1438883
1438891
1438901
1438907
1438919
1438933
1438937
1438939
1438961
1438963
1438973
1438979
1438991
1438993
1439017
1439023
1439027
1439047
1439071
1439077
1439089
1439107
1439111
1439129
1439147
1439161
1439171
1439177
1439209
1439233
1439239
1439261
1439267
1439279
1439287
1439293
1439309
1439323
1439329
1439359
1439369
1439371
1439377
1439381
1439393
1439401
1439413
1439429
1439437
1439443
1439447
1439513
1439521
1439527
1439549
1439561
1439579
1439651
1439663
1439681
1439693
1439699
1439701
1439717
1439719
1439729
1439743
1439749
1439759
1439773
1439791
1439803
1439827
1439833
1439881
1439891
1439903
1439909
1439927
1439947
1439969
1439989
1440011
1440017
1440037
1440079
1440107
1440119
1440203
1440209
1440211
1440233
1440239
1440247
1440253
1440259
1440269
1440293
1440301
1440317
1440349
1440379
1440391
1440403
1440419
1440437
1440443
1440449
1440469
1440473
1440479
1440493
1440499
1440511
1440533
1440553
1440557
1440577
1440581
1440583
1440587
1440589
1440611
1440619
1440623
1440641
1440679
1440689
1440707
1440727
1440731
1440737
1440763
1440773
1440779
1440799
1440811
1440823
1440847
1440851
1440853
1440877
1440883
1440889
1440913
1440949
1440953
1440961
1440983
1441001
1441007
1441009
1441031
1441049
1441051
1441057
1441061
1441081
1441117
1441127
1441133
1441151
1441189
1441199
1441201
1441217
1441241
1441259
1441289
1441301
1441309
1441313
1441327
1441331
1441339
1441343
1441351
1441361
1441367
1441373
1441381
1441411
1441423
1441439
1441459
1441463
1441471
1441523
1441529
1441543
1441553
1441567
1441579
1441589
1441591
1441603
1441633
1441637
1441669
1441673
1441679
1441681
1441697
1441703
1441721
1441723
1441729
1441751
1441757
1441771
1441807
1441837
1441849
1441871
1441877
1441879
1441883
1441931
1441933
1441949
1441963
1441981
1442003
1442009
1442017
1442053
1442057
1442069
1442071
1442087
1442143
1442159
1442173
1442191
1442209
1442227
1442251
1442267
1442279
1442299
1442317
1442321
1442327
1442333
1442341
1442351
1442377
1442393
1442411
1442429
1442437
1442453
1442459
1442509
1442513
1442527
1442531
1442549
1442579
1442591
1442599
1442611
1442621
1442627
1442633
1442641
1442653
1442657
1442669
1442717
1442723
1442731
1442743
1442783
1442797
1442827
1442849
1442863
1442869
1442873
1442887
1442899
1442911
1442921
1442923
1442939
1442941
1442971
1442983
1442989
1443007
1443053
1443059
1443067
1443073
1443083
1443103
1443119
1443131
1443139
1443151
1443157
1443161
1443193
1443203
1443223
1443257
1443271
1443293
1443307
1443311
1443331
1443341
1443353
1443383
1443389
1443397
1443401
1443427
1443437
1443439
1443461
1443469
1443473
1443509
1443517
1443523
1443529
1443551
1443557
1443571
1443581
1443587
1443613
1443647
1443653
1443679
1443683
1443697
1443709
1443713
1443719
1443727
1443781
1443787
1443797
1443803
1443817
1443839
1443857
1443859
1443899
1443913
1443941
1443961
1443971
1443977
1443989
1444007
1444043
1444063
1444067
1444081
1444087
1444103
1444109
1444111
1444181
1444187
1444213
1444217
1444237
1444249
1444271
1444273
1444279
1444291
1444309
1444411
1444441
1444447
1444459
1444463
1444477
1444481
1444483
1444489
1444493
1444501
1444523
1444529
1444543
1444567
1444571
1444613
1444633
1444649
1444657
1444661
1444679
1444687
1444697
1444747
1444753
1444759
1444763
1444771
1444777
1444787
1444789
1444801
1444811
1444819
1444823
1444873
1444897
1444901
1444903
1444909
1444913
1444943
1444957
1444967
1444973
1444979
1444981
1444999
1445033
1445039
1445047
1445053
1445057
1445071
1445077
1445107
1445117
1445137
1445149
1445161
1445173
1445177
1445179
1445207
1445237
1445239
1445261
1445287
1445303
1445317
1445329
1445333
1445341
1445351
1445371
1445401
1445407
1445413
1445417
1445419
1445429
1445443
1445453
1445467
1445497
1445503
1445513
1445519
1445533
1445557
1445567
1445569
1445581
1445593
1445599
1445657
1445669
1445671
1445687
1445699
1445707
1445713
1445723
1445749
1445753
1445771
1445797
1445827
1445831
1445863
1445879
1445887
1445921
1445929
1445953
1445959
1445963
1445971
1445981
1445989
1446001
1446007
1446019
1446023
1446041
1446043
1446059
1446073
1446077
1446083
1446089
1446091
1446097
1446113
1446131
1446167
1446169
1446187
1446191
1446197
1446227
1446233
1446239
1446251
1446257
1446281
1446301
1446311
1446323
1446353
1446359
1446383
1446397
1446409
1446427
1446437
1446449
1446457
1446469
1446509
1446551
1446559
1446587
1446611
1446617
1446619
1446629
1446637
1446659
1446673
1446689
1446701
1446703
1446713
1446719
1446761
1446779
1446791
1446803
1446829
1446833
1446871
1446881
1446889
1446899
1446901
1446917
1446919
1446923
1446941
1446971
1446997
1447001
1447003
1447007
1447009
1447031
1447037
1447063
1447067
1447073
1447099
1447123
1447139
1447151
1447153
1447169
1447189
1447213
1447217
1447219
1447223
1447231
1447241
1447247
1447273
1447279
1447283
1447291
1447309
1447331
1447333
1447343
1447349
1447351
1447373
1447379
1447387
1447399
1447409
1447427
1447429
1447441
1447471
1447487
1447507
1447529
1447543
1447549
1447559
1447561
1447571
1447583
1447609
1447627
1447631
1447639
1447661
1447711
1447717
1447727
1447759
1447777
1447799
1447807
1447811
1447813
1447843
1447861
1447867
1447877
1447889
1447891
1447913
1447949
1447951
1447961
1447969
1447973
1447981
1447987
1448003
1448021
1448039
1448053
1448059
1448063
1448081
1448087
1448171
1448177
1448189
1448191
1448203
1448207
1448219
1448221
1448303
1448309
1448357
1448371
1448387
1448401
1448411
1448423
1448431
1448443
1448449
1448453
1448477
1448497
1448533
1448569
1448593
1448611
1448659
1448663
1448683
1448687
1448717
1448737
1448743
1448761
1448767
1448771
1448779
1448789
1448801
1448803
1448819
1448827
1448833
1448849
1448857
1448873
1448879
1448903
1448929
1448947
1448983
1448989
1449001
1449013
1449017
1449061
1449067
1449089
1449113
1449121
1449127
1449163
1449167
1449169
1449191
1449193
1449209
1449211
1449241
1449271
1449289
1449293
1449307
1449311
1449319
1449337
1449361
1449367
1449379
1449389
1449431
1449439
1449443
1449479
1449509
1449517
1449521
1449523
1449551
1449557
1449563
1449577
1449583
1449587
1449589
1449599
1449601
1449611
1449619
1449647
1449649
1449661
1449671
1449673
1449683
1449691
1449733
1449779
1449817
1449823
1449827
1449829
1449841
1449863
1449869
1449893
1449907
1449911
1449937
1449941
1449949
1449953
1449967
1449977
1449979
1449983
1450019
1450021
1450051
1450063
1450069
1450073
1450103
1450109
1450139
1450147
1450157
1450177
1450199
1450201
1450231
1450237
1450243
1450249
1450271
1450277
1450283
1450297
1450307
1450331
1450333
1450367
1450391
1450399
1450429
1450439
1450447
1450453
1450469
1450481
1450487
1450489
1450499
1450507
1450513
1450531
1450543
1450571
1450573
1450577
1450613
1450619
1450637
1450639
1450651
1450697
1450699
1450711
1450727
1450739
1450741
1450747
1450753
1450759
1450819
1450847
1450849
1450853
1450861
1450871
1450873
1450877
1450903
1450907
1450913
1450919
1450927
1450931
1450963
1450979
1450991
1451003
1451039
1451041
1451053
1451057
1451059
1451081
1451083
1451119
1451123
1451143
1451147
1451161
1451179
1451209
1451213
1451237
1451243
1451249
1451257
1451267
1451291
1451321
1451339
1451347
1451371
1451383
1451393
1451423
1451509
1451521
1451531
1451539
1451557
1451561
1451573
1451603
1451609
1451623
1451633
1451641
1451663
1451677
1451713
1451717
1451719
1451729
1451741
1451743
1451759
1451767
1451797
1451831
1451833
1451837
1451839
1451867
1451893
1451899
1451909
1451911
1451929
1451959
1451969
1452047
1452079
1452083
1452109
1452127
1452131
1452149
1452169
1452181
1452193
1452203
1452211
1452221
1452223
1452229
1452247
1452263
1452271
1452277
1452281
1452299
1452301
1452317
1452323
1452329
1452377
1452383
1452413
1452419
1452421
1452433
1452439
1452449
1452457
1452461
1452487
1452491
1452511
1452527
1452533
1452541
1452553
1452557
1452559
1452613
1452631
1452637
1452653
1452709
1452713
1452727
1452743
1452751
1452767
1452779
1452791
1452809
1452827
1452833
1452839
1452851
1452853
1452859
1452863
1452907
1452923
1452947
1452961
1452977
1452991
1453003
1453009
1453019
1453033
1453037
1453043
1453057
1453061
1453091
1453093
1453129
1453141
1453169
1453171
1453181
1453201
1453223
1453241
1453267
1453307
1453321
1453337
1453339
1453343
1453369
1453391
1453399
1453411
1453427
1453429
1453453
1453457
1453469
1453477
1453489
1453493
1453499
1453513
1453537
1453547
1453549
1453553
1453597
1453603
1453607
1453609
1453643
1453651
1453657
1453681
1453703
1453723
1453729
1453759
1453783
1453817
1453831
1453847
1453871
1453877
1453883
1453889
1453897
1453909
1453913
1453919
1453927
1453939
1453943
1453957
1453961
1453997
1454003
1454021
1454029
1454041
1454053
1454059
1454071
1454081
1454099
1454119
1454143
1454149
1454177
1454191
1454207
1454209
1454239
1454249
1454261
1454273
1454339
1454347
1454351
1454371
1454377
1454381
1454399
1454417
1454419
1454441
1454443
1454459
1454461
1454477
1454513
1454521
1454533
1454539
1454549
1454567
1454569
1454573
1454587
1454591
1454597
1454599
1454633
1454657
1454683
1454689
1454699
1454701
1454711
1454731
1454743
1454759
1454767
1454779
1454801
1454807
1454821
1454839
1454851
1454863
1454891
1454897
1454899
1454927
1454939
1454941
1454953
1454969
1454977
1454983
1454987
1454989
1454993
1455007
1455011
1455019
1455023
1455029
1455031
1455037
1455043
1455053
1455067
1455079
1455089
1455119
1455121
1455127
1455143
1455151
1455193
1455197
1455199
1455203
1455211
1455227
1455241
1455253
1455257
1455263
1455301
1455317
1455323
1455329
1455341
1455359
1455361
1455367
1455373
1455379
1455383
1455403
1455409
1455431
1455437
1455439
1455491
1455499
1455527
1455563
1455569
1455599
1455607
1455613
1455653
1455661
1455673
1455677
1455683
1455697
1455703
1455721
1455757
1455767
1455781
1455809
1455821
1455827
1455833
1455841
1455847
1455859
1455871
1455893
1455901
1455907
1455911
1455929
1455941
1455947
1455953
1455959
1455973
1455983
1455991
1456001
1456019
1456057
1456087
1456099
1456121
1456123
1456127
1456157
1456159
1456171
1456187
1456219
1456229
1456241
1456243
1456267
1456289
1456313
1456321
1456333
1456381
1456391
1456393
1456417
1456439
1456451
1456501
1456517
1456519
1456529
1456537
1456541
1456547
1456561
1456603
1456627
1456633
1456643
1456657
1456667
1456687
1456691
1456703
1456709
1456717
1456739
1456759
1456789
1456799
1456823
1456837
1456867
1456877
1456891
1456919
1456921
1456927
1456937
1456943
1456963
1457011
1457021
1457033
1457039
1457051
1457059
1457069
1457077
1457083
1457111
1457143
1457147
1457149
1457161
1457177
1457201
1457207
1457213
1457219
1457251
1457273
1457293
1457321
1457333
1457353
1457363
1457371
1457381
1457389
1457411
1457419
1457429
1457437
1457459
1457479
1457483
1457497
1457501
1457503
1457513
1457551
1457633
1457639
1457647
1457653
1457663
1457683
1457741
1457749
1457783
1457791
1457803
1457821
1457849
1457857
1457861
1457867
1457873
1457879
1457887
1457891
1457921
1457933
1457941
1457957
1457959
1457969
1457983
1457999
1458011
1458019
1458031
1458049
1458053
1458071
1458097
1458101
1458113
1458151
1458157
1458167
1458169
1458179
1458203
1458229
1458239
1458253
1458257
1458283
1458293
1458319
1458337
1458343
1458349
1458371
1458397
1458403
1458409
1458427
1458433
1458461
1458463
1458469
1458473
1458487
1458521
1458533
1458547
1458593
1458599
1458601
1458607
1458619
1458623
1458629
1458631
1458641
1458659
1458673
1458697
1458703
1458707
1458713
1458727
1458749
1458757
1458817
1458841
1458857
1458871
1458881
1458883
1458907
1458911
1458971
1458973
1458997
1459027
1459061
1459069
1459091
1459099
1459109
1459111
1459123
1459141
1459153
1459163
1459177
1459207
1459217
1459253
1459259
1459261
1459277
1459301
1459319
1459351
1459369
1459411
1459421
1459427
1459429
1459439
1459453
1459457
1459481
1459517
1459531
1459537
1459543
1459583
1459589
1459597
1459609
1459631
1459651
1459663
1459681
1459691
1459709
1459727
1459771
1459793
1459811
1459823
1459849
1459853
1459873
1459891
1459901
1459907
1459921
1459933
1459937
1459949
1459951
1459957
1459963
1459993
1460003
1460021
1460027
1460029
1460033
1460059
1460071
1460077
1460087
1460089
1460099
1460101
1460111
1460117
1460143
1460153
1460161
1460167
1460171
1460177
1460189
1460213
1460233
1460267
1460269
1460281
1460311
1460341
1460369
1460377
1460383
1460413
1460423
1460429
1460447
1460467
1460479
1460483
1460497
1460507
1460567
1460593
1460603
1460609
1460617
1460629
1460633
1460651
1460653
1460671
1460681
1460687
1460729
1460731
1460737
1460741
1460743
1460747
1460773
1460821
1460857
1460863
1460867
1460887
1460903
1460911
1460923
1460941
1460951
1460957
1460971
1460981
1460989
1460993
1461001
1461073
1461077
1461079
1461091
1461101
1461127
1461139
1461151
1461169
1461179
1461181
1461193
1461209
1461211
1461283
1461287
1461289
1461293
1461301
1461311
1461329
1461349
1461353
1461359
1461367
1461391
1461401
1461403
1461407
1461409
1461413
1461419
1461437
1461451
1461479
1461497
1461511
1461517
1461553
1461563
1461583
1461587
1461599
1461601
1461623
1461631
1461637
1461641
1461659
1461661
1461667
1461671
1461683
1461697
1461701
1461703
1461709
1461731
1461749
1461763
1461769
1461781
1461791
1461797
1461809
1461821
1461851
1461853
1461877
1461883
1461913
1461923
1461931
1461953
1461973
1461979
1461989
1462001
1462009
1462033
1462037
1462039
1462049
1462057
1462061
1462063
1462099
1462127
1462157
1462163
1462169
1462171
1462189
1462193
1462199
1462213
1462229
1462247
1462249
1462313
1462319
1462327
1462337
1462339
1462367
1462381
1462397
1462399
1462403
1462421
1462423
1462427
1462457
1462463
1462477
1462507
1462519
1462523
1462567
1462589
1462603
1462607
1462613
1462619
1462621
1462627
1462631
1462651
1462679
1462691
1462693
1462711
1462717
1462723
1462739
1462751
1462759
1462763
1462801
1462807
1462819
1462861
1462871
1462873
1462883
1462891
1462897
1462927
1462933
1462939
1462957
1462973
1462999
1463009
1463027
1463047
1463089
1463113
1463117
1463123
1463149
1463153
1463177
1463179
1463183
1463197
1463201
1463219
1463221
1463233
1463243
1463257
1463261
1463263
1463303
1463327
1463339
1463353
1463359
1463447
1463453
1463459
1463471
1463491
1463503
1463507
1463509
1463521
1463537
1463557
1463563
1463569
1463587
1463597
1463599
1463611
1463617
1463621
1463641
1463647
1463719
1463767
1463773
1463797
1463821
1463837
1463857
1463863
1463873
1463879
1463897
1463899
1463911
1463933
1463941
1463947
1463953
1463971
1463981
1463983
1463999
1464011
1464031
1464049
1464079
1464101
1464103
1464131
1464137
1464143
1464149
1464163
1464173
1464179
1464241
1464251
1464257
1464259
1464263
1464269
1464271
1464277
1464283
1464289
1464293
1464299
1464343
1464371
1464373
1464383
1464391
1464401
1464403
1464461
1464467
1464481
1464493
1464503
1464559
1464563
1464569
1464583
1464611
1464641
1464649
1464689
1464713
1464721
1464731
1464733
1464751
1464769
1464773
1464787
1464809
1464811
1464817
1464823
1464829
1464863
1464899
1464901
1464917
1464929
1464949
1464959
1464961
1464977
1464997
1465007
1465019
1465021
1465027
1465049
1465067
1465073
1465081
1465097
1465127
1465129
1465133
1465141
1465171
1465181
1465187
1465193
1465229
1465231
1465249
1465253
1465259
1465273
1465279
1465301
1465313
1465351
1465361
1465367
1465391
1465393
1465421
1465423
1465427
1465433
1465439
1465441
1465469
1465481
1465487
1465493
1465523
1465547
1465549
1465559
1465561
1465567
1465571
1465577
1465591
1465637
1465643
1465661
1465663
1465669
1465691
1465693
1465703
1465727
1465729
1465771
1465777
1465801
1465819
1465823
1465837
1465843
1465847
1465853
1465861
1465889
1465901
1465931
1465943
1465957
1465963
1465987
1465991
1465993
1466039
1466053
1466057
1466099
1466107
1466111
1466117
1466123
1466137
1466147
1466167
1466177
1466183
1466191
1466203
1466243
1466251
1466261
1466279
1466291
1466293
1466299
1466303
1466317
1466323
1466329
1466371
1466383
1466389
1466407
1466417
1466449
1466459
1466461
1466473
1466519
1466533
1466551
1466557
1466567
1466599
1466603
1466639
1466653
1466657
1466659
1466677
1466701
1466711
1466713
1466719
1466741
1466747
1466753
1466767
1466771
1466783
1466797
1466821
1466833
1466869
1466873
1466887
1466893
1466897
1466911
1466929
1466953
1466957
1466999
1467001
1467007
1467017
1467043
1467061
1467091
1467097
1467107
1467121
1467131
1467143
1467149
1467157
1467173
1467187
1467209
1467211
1467217
1467223
1467229
1467241
1467281
1467283
1467299
1467307
1467317
1467329
1467337
1467341
1467353
1467359
1467391
1467397
1467413
1467419
1467439
1467443
1467493
1467497
1467511
1467527
1467533
1467539
1467553
1467581
1467589
1467611
1467629
1467673
1467691
1467703
1467749
1467751
1467773
1467779
1467787
1467821
1467839
1467859
1467863
1467887
1467889
1467911
1467913
1467919
1467937
1467953
1467971
1467989
1468079
1468109
1468163
1468189
1468193
1468211
1468213
1468219
1468261
1468267
1468277
1468387
1468391
1468399
1468403
1468427
1468447
1468457
1468459
1468469
1468499
1468507
1468513
1468517
1468543
1468547
1468553
1468559
1468561
1468591
1468603
1468631
1468633
1468637
1468639
1468651
1468657
1468667
1468673
1468717
1468723
1468729
1468739
1468741
1468759
1468781
1468799
1468801
1468807
1468877
1468889
1468897
1468913
1468921
1468927
1468933
1468939
1468949
1468963
1468967
1468969
1469047
1469057
1469081
1469087
1469129
1469131
1469141
1469147
1469161
1469179
1469189
1469197
1469201
1469231
1469239
1469249
1469257
1469287
1469291
1469311
1469323
1469341
1469357
1469359
1469389
1469393
1469407
1469437
1469467
1469471
1469477
1469509
1469519
1469521
1469527
1469543
1469557
1469561
1469569
1469581
1469591
1469597
1469621
1469623
1469627
1469641
1469659
1469687
1469693
1469717
1469729
1469731
1469747
1469753
1469761
1469773
1469777
1469801
1469833
1469843
1469851
1469857
1469879
1469887
1469893
1469921
1469933
1469947
1469957
1469969
1469977
1469983
1469987
1470023
1470043
1470059
1470067
1470071
1470149
1470151
1470173
1470187
1470193
1470199
1470233
1470241
1470251
1470281
1470289
1470307
1470319
1470323
1470373
1470377
1470401
1470407
1470419
1470431
1470437
1470451
1470461
1470487
1470493
1470523
1470529
1470559
1470571
1470577
1470611
1470613
1470641
1470659
1470683
1470709
1470727
1470757
1470797
1470817
1470829
1470839
1470841
1470869
1470871
1470913
1470941
1470947
1470949
1470971
1470977
1470983
1470991
1471007
1471021
1471031
1471033
1471069
1471079
1471091
1471117
1471123
1471133
1471177
1471181
1471213
1471219
1471271
1471277
1471279
1471289
1471297
1471307
1471313
1471321
1471339
1471343
1471361
1471397
1471403
1471409
1471411
1471423
1471427
1471433
1471441
1471447
1471487
1471499
1471501
1471511
1471513
1471529
1471543
1471553
1471567
1471573
1471579
1471583
1471619
1471621
1471633
1471649
1471661
1471667
1471669
1471681
1471693
1471697
1471703
1471709
1471751
1471763
1471807
1471817
1471819
1471829
1471853
1471867
1471879
1471891
1471903
1471907
1471909
1471913
1471919
1471937
1472017
1472021
1472033
1472041
1472077
1472083
1472111
1472117
1472137
1472143
1472153
1472167
1472173
1472197
1472203
1472209
1472239
1472249
1472257
1472279
1472293
1472297
1472333
1472371
1472389
1472399
1472411
1472413
1472423
1472441
1472447
1472453
1472461
1472467
1472491
1472501
1472507
1472539
1472543
1472551
1472561
1472573
1472579
1472587
1472599
1472623
1472657
1472663
1472677
1472687
1472689
1472701
1472719
1472743
1472767
1472777
1472789
1472791
1472813
1472831
1472837
1472857
1472869
1472893
1472909
1472927
1472929
1472951
1472953
1472959
1472963
1472971
1472981
1472987
1472993
1473011
1473019
1473023
1473041
1473047
1473049
1473061
1473077
1473083
1473091
1473097
1473103
1473149
1473187
1473191
1473193
1473221
1473239
1473247
1473257
1473301
1473319
1473331
1473341
1473343
1473379
1473383
1473389
1473391
1473419
1473421
1473443
1473467
1473473
1473487
1473503
1473529
1473533
1473551
1473553
1473557
1473569
1473601
1473607
1473613
1473631
1473649
1473671
1473677
1473737
1473743
1473749
1473763
1473767
1473793
1473803
1473841
1473847
1473853
1473869
1473919
1473937
1473949
1473959
1473961
1473971
1473973
1473977
1474003
1474021
1474027
1474037
1474049
1474069
1474079
1474097
1474103
1474127
1474129
1474141
1474159
1474171
1474177
1474181
1474199
1474211
1474217
1474241
1474243
1474247
1474259
1474261
1474271
1474283
1474307
1474313
1474321
1474349
1474357
1474397
1474411
1474433
1474439
1474441
1474489
1474519
1474523
1474549
1474559
1474579
1474589
1474591
1474633
1474637
1474643
1474663
1474703
1474717
1474721
1474727
1474751
1474757
1474769
1474787
1474793
1474843
1474849
1474859
1474861
1474873
1474877
1474901
1474961
1474981
1474999
1475003
1475017
1475021
1475051
1475087
1475113
1475129
1475137
1475147
1475203
1475213
1475219
1475233
1475237
1475239
1475251
1475261
1475281
1475291
1475297
1475323
1475339
1475351
1475363
1475371
1475387
1475399
1475401
1475431
1475443
1475489
1475503
1475527
1475561
1475563
1475567
1475587
1475609
1475647
1475687
1475701
1475729
1475731
1475737
1475743
1475759
1475777
1475797
1475813
1475827
1475833
1475843
1475861
1475869
1475899
1475911
1475917
1475927
1475953
1476001
1476011
1476023
1476031
1476043
1476047
1476067
1476073
1476089
1476109
1476149
1476151
1476169
1476173
1476179
1476191
1476193
1476199
1476203
1476217
1476227
1476253
1476259
1476283
1476311
1476323
1476329
1476359
1476379
1476401
1476403
1476407
1476413
1476457
1476463
1476469
1476473
1476511
1476523
1476529
1476539
1476551
1476581
1476641
1476647
1476649
1476659
1476677
1476689
1476691
1476701
1476703
1476719
1476743
1476751
1476791
1476793
1476799
1476803
1476817
1476823
1476857
1476859
1476869
1476877
1476887
1476911
1476913
1476919
1476949
1476953
1476961
1476967
1476973
1476983
1476989
1477001
1477027
1477031
1477039
1477043
1477051
1477061
1477067
1477081
1477087
1477097
1477103
1477109
1477111
1477127
1477139
1477159
1477169
1477187
1477207
1477219
1477291
1477309
1477319
1477321
1477331
1477337
1477339
1477361
1477363
1477369
1477381
1477393
1477397
1477403
1477409
1477457
1477477
1477499
1477501
1477507
1477513
1477519
1477547
1477559
1477577
1477583
1477607
1477613
1477621
1477631
1477639
1477643
1477661
1477699
1477703
1477711
1477747
1477757
1477769
1477771
1477787
1477789
1477807
1477823
1477831
1477843
1477871
1477897
1477901
1477907
1477913
1477937
1477951
1477961
1477979
1477999
1478017
1478021
1478027
1478033
1478047
1478051
1478063
1478069
1478083
1478089
1478119
1478123
1478129
1478161
1478179
1478189
1478203
1478207
1478209
1478231
1478237
1478251
1478263
1478273
1478287
1478293
1478353
1478357
1478369
1478381
1478387
1478413
1478423
1478429
1478437
1478443
1478459
1478467
1478471
1478513
1478549
1478563
1478591
1478593
1478611
1478627
1478639
1478663
1478683
1478689
1478699
1478707
1478723
1478759
1478767
1478777
1478809
1478837
1478839
1478843
1478857
1478861
1478863
1478887
1478909
1478921
1478929
1478933
1478947
1478957
1478963
1478987
1478999
1479007
1479011
1479013
1479031
1479047
1479059
1479073
1479083
1479089
1479109
1479113
1479133
1479139
1479151
1479161
1479173
1479193
1479197
1479209
1479211
1479217
1479229
1479251
1479253
1479263
1479271
1479277
1479281
1479287
1479301
1479341
1479343
1479409
1479437
1479449
1479451
1479469
1479479
1479481
1479487
1479497
1479539
1479547
1479553
1479557
1479559
1479571
1479581
1479589
1479617
1479671
1479679
1479713
1479721
1479727
1479733
1479757
1479761
1479763
1479773
1479781
1479791
1479809
1479817
1479823
1479839
1479851
1479857
1479859
1479871
1479883
1479887
1479911
1479913
1479937
1479941
1479991
1479997
1480001
1480013
1480019
1480021
1480067
1480079
1480093
1480099
1480153
1480163
1480181
1480201
1480229
1480243
1480261
1480273
1480277
1480291
1480301
1480313
1480319
1480321
1480331
1480379
1480393
1480397
1480417
1480429
1480433
1480459
1480483
1480517
1480519
1480541
1480543
1480553
1480561
1480571
1480573
1480597
1480601
1480621
1480627
1480631
1480643
1480663
1480669
1480673
1480679
1480691
1480709
1480733
1480741
1480757
1480771
1480781
1480783
1480793
1480811
1480837
1480861
1480883
1480891
1480903
1480907
1480909
1480931
1480933
1480937
1480991
1481003
1481021
1481027
1481033
1481041
1481047
1481071
1481099
1481113
1481143
1481153
1481167
1481173
1481189
1481197
1481219
1481231
1481239
1481257
1481281
1481309
1481321
1481339
1481353
1481357
1481377
1481387
1481413
1481477
1481483
1481489
1481497
1481503
1481527
1481537
1481539
1481551
1481573
1481603
1481611
1481663
1481671
1481693
1481717
1481719
1481731
1481743
1481747
1481749
1481759
1481773
1481783
1481797
1481801
1481819
1481849
1481881
1481891
1481897
1481899
1481911
1481917
1481927
1481947
1481951
1481971
1481989
1481993
1481999
1482007
1482011
1482023
1482029
1482049
1482053
1482059
1482101
1482121
1482127
1482137
1482163
1482181
1482193
1482199
1482211
1482233
1482263
1482289
1482293
1482301
1482307
1482319
1482337
1482343
1482359
1482407
1482413
1482421
1482431
1482443
1482449
1482457
1482461
1482469
1482487
1482491
1482499
1482541
1482577
1482581
1482583
1482599
1482617
1482631
1482647
1482659
1482661
1482671
1482707
1482737
1482739
1482743
1482763
1482773
1482797
1482809
1482821
1482827
1482851
1482853
1482863
1482869
1482883
1482889
1482907
1482919
1482937
1482959
1482967
1483003
1483019
1483021
1483039
1483043
1483049
1483061
1483073
1483087
1483091
1483103
1483123
1483151
1483169
1483171
1483177
1483187
1483193
1483231
1483241
1483249
1483253
1483259
1483277
1483283
1483289
1483309
1483327
1483331
1483333
1483343
1483357
1483393
1483397
1483411
1483423
1483429
1483439
1483451
1483453
1483507
1483519
1483529
1483549
1483561
1483597
1483621
1483627
1483631
1483633
1483637
1483681
1483693
1483697
1483711
1483717
1483721
1483733
1483739
1483759
1483763
1483787
1483793
1483813
1483819
1483861
1483883
1483903
1483907
1483927
1483967
1483969
1483987
1483991
1483997
1484009
1484023
1484039
1484047
1484051
1484057
1484081
1484111
1484137
1484141
1484143
1484177
1484183
1484201
1484207
1484209
1484221
1484227
1484233
1484237
1484243
1484257
1484281
1484291
1484303
1484347
1484359
1484369
1484377
1484387
1484393
1484407
1484419
1484437
1484449
1484453
1484459
1484467
1484473
1484479
1484501
1484507
1484531
1484537
1484563
1484573
1484579
1484591
1484629
1484633
1484657
1484663
1484671
1484677
1484701
1484723
1484737
1484741
1484803
1484827
1484837
1484849
1484911
1484927
1484929
1484947
1484969
1484999
1485013
1485017
1485019
1485023
1485031
1485037
1485047
1485049
1485067
1485101
1485109
1485139
1485191
1485193
1485199
1485221
1485227
1485233
1485251
1485259
1485269
1485277
1485347
1485353
1485373
1485383
1485397
1485413
1485433
1485461
1485469
1485479
1485487
1485503
1485541
1485557
1485559
1485563
1485571
1485581
1485599
1485619
1485683
1485703
1485713
1485719
1485721
1485733
1485739
1485751
1485761
1485763
1485787
1485793
1485821
1485853
1485871
1485877
1485889
1485917
1485937
1485947
1486003
1486019
1486057
1486081
1486087
1486091
1486097
1486103
1486117
1486139
1486141
1486153
1486181
1486183
1486189
1486223
1486241
1486249
1486267
1486271
1486297
1486301
1486321
1486333
1486339
1486343
1486349
1486363
1486367
1486379
1486399
1486403
1486409
1486411
1486451
1486493
1486501
1486517
1486523
1486547
1486561
1486571
1486577
1486591
1486603
1486607
1486609
1486637
1486649
1486687
1486691
1486699
1486711
1486733
1486747
1486757
1486777
1486781
1486787
1486799
1486813
1486829
1486841
1486843
1486847
1486867
1486873
1486907
1486909
1486943
1486951
1486957
1486963
1486987
1486999
1487009
1487027
1487051
1487053
1487071
1487081
1487093
1487099
1487113
1487117
1487131
1487159
1487173
1487179
1487191
1487197
1487201
1487219
1487231
1487251
1487273
1487303
1487351
1487359
1487383
1487389
1487399
1487401
1487417
1487429
1487441
1487459
1487461
1487471
1487489
1487509
1487527
1487539
1487543
1487557
1487569
1487579
1487581
1487593
1487599
1487623
1487641
1487711
1487713
1487743
1487749
1487753
1487777
1487779
1487797
1487809
1487819
1487821
1487867
1487873
1487887
1487917
1487933
1487951
1487953
1487963
1487977
1487987
1487989
1488007
1488017
1488043
1488073
1488119
1488121
1488127
1488131
1488133
1488139
1488143
1488167
1488173
1488181
1488199
1488209
1488211
1488233
1488239
1488241
1488301
1488337
1488343
1488371
1488379
1488413
1488419
1488427
1488433
1488451
1488467
1488481
1488493
1488499
1488533
1488559
1488563
1488577
1488581
1488607
1488623
1488653
1488661
1488667
1488671
1488701
1488727
1488737
1488749
1488761
1488763
1488787
1488791
1488793
1488797
1488803
1488811
1488847
1488857
1488869
1488871
1488901
1488931
1488943
1488953
1488959
1488967
1488989
1489003
1489009
1489021
1489031
1489039
1489051
1489057
1489067
1489069
1489093
1489097
1489099
1489109
1489129
1489153
1489157
1489171
1489177
1489199
1489207
1489223
1489231
1489249
1489253
1489259
1489261
1489283
1489291
1489297
1489303
1489309
1489321
1489351
1489393
1489399
1489403
1489409
1489441
1489451
1489463
1489507
1489511
1489513
1489529
1489531
1489541
1489561
1489577
1489589
1489597
1489613
1489627
1489633
1489637
1489661
1489667
1489669
1489673
1489717
1489721
1489723
1489729
1489751
1489753
1489757
1489769
1489781
1489783
1489799
1489819
1489841
1489867
1489889
1489903
1489909
1489937
1489951
1489973
1489979
1489997
1490011
1490029
1490039
1490051
1490059
1490081
1490089
1490117
1490119
1490129
1490161
1490171
1490179
1490183
1490207
1490213
1490233
1490243
1490257
1490267
1490273
1490287
1490297
1490299
1490317
1490327
1490329
1490347
1490351
1490353
1490369
1490371
1490381
1490429
1490443
1490459
1490477
1490479
1490507
1490527
1490557
1490591
1490603
1490609
1490627
1490633
1490639
1490641
1490647
1490663
1490669
1490677
1490701
1490711
1490717
1490729
1490737
1490743
1490773
1490789
1490807
1490813
1490833
1490843
1490869
1490893
1490899
1490921
1490933
1490941
1490953
1490959
1490963
1490969
1490999
1491001
1491013
1491031
1491041
1491079
1491097
1491103
1491109
1491157
1491179
1491199
1491227
1491233
1491239
1491241
1491247
1491271
1491299
1491377
1491401
1491403
1491407
1491419
1491421
1491437
1491439
1491449
1491491
1491493
1491509
1491517
1491521
1491547
1491571
1491577
1491583
1491587
1491601
1491629
1491641
1491643
1491649
1491653
1491661
1491667
1491683
1491701
1491719
1491727
1491739
1491761
1491769
1491773
1491797
1491821
1491839
1491851
1491859
1491863
1491911
1491913
1491929
1491943
1491947
1491953
1491961
1491967
1491977
1491979
1491989
1491991
1492009
1492019
1492063
1492069
1492087
1492097
1492103
1492111
1492133
1492147
1492159
1492163
1492177
1492181
1492187
1492189
1492201
1492213
1492219
1492223
1492261
1492273
1492289
1492303
1492307
1492313
1492331
1492343
1492357
1492411
1492417
1492453
1492457
1492459
1492499
1492501
1492511
1492529
1492541
1492567
1492571
1492577
1492597
1492607
1492627
1492637
1492643
1492649
1492657
1492661
1492703
1492709
1492739
1492747
1492783
1492789
1492793
1492801
1492807
1492819
1492823
1492859
1492871
1492873
1492879
1492901
1492919
1492943
1492951
1492969
1492993
1493027
1493057
1493071
1493099
1493101
1493159
1493171
1493189
1493197
1493207
1493213
1493221
1493249
1493257
1493273
1493279
1493281
1493291
1493293
1493299
1493311
1493329
1493333
1493339
1493369
1493377
1493383
1493389
1493423
1493441
1493447
1493449
1493461
1493473
1493483
1493489
1493491
1493537
1493539
1493563
1493567
1493573
1493581
1493599
1493617
1493621
1493623
1493633
1493641
1493651
1493659
1493663
1493677
1493683
1493693
1493717
1493719
1493729
1493731
1493741
1493743
1493749
1493759
1493771
1493783
1493813
1493839
1493867
1493879
1493903
1493927
1493929
1493963
1493971
1493981
1494019
1494029
1494037
1494047
1494049
1494061
1494067
1494071
1494089
1494133
1494137
1494151
1494161
1494187
1494191
1494197
1494247
1494253
1494257
1494263
1494289
1494299
1494313
1494343
1494347
1494349
1494359
1494371
1494373
1494377
1494391
1494401
1494403
1494421
1494461
1494463
1494473
1494481
1494509
1494511
1494539
1494557
1494583
1494599
1494607
1494613
1494617
1494641
1494643
1494659
1494671
1494677
1494679
1494697
1494707
1494709
1494719
1494739
1494743
1494781
1494799
1494803
1494811
1494853
1494859
1494869
1494881
1494887
1494907
1494937
1494943
1494947
1494973
1494989
1495003
1495009
1495019
1495063
1495073
1495093
1495097
1495157
1495159
1495163
1495177
1495181
1495231
1495261
1495267
1495279
1495283
1495297
1495301
1495321
1495343
1495349
1495363
1495369
1495379
1495381
1495387
1495421
1495447
1495451
1495463
1495469
1495477
1495489
1495511
1495517
1495553
1495561
1495567
1495597
1495601
1495631
1495633
1495687
1495691
1495717
1495723
1495727
1495751
1495771
1495777
1495783
1495817
1495829
1495831
1495853
1495859
1495861
1495867
1495877
1495919
1495939
1495961
1495973
1495979
1495987
1495993
1495999
1496009
1496039
1496059
1496069
1496071
1496083
1496111
1496129
1496141
1496149
1496167
1496171
1496189
1496203
1496227
1496237
1496251
1496267
1496273
1496279
1496291
1496309
1496321
1496353
1496359
1496387
1496393
1496399
1496423
1496431
1496437
1496471
1496477
1496479
1496489
1496491
1496507
1496519
1496533
1496543
1496549
1496563
1496567
1496569
1496581
1496597
1496639
1496641
1496647
1496657
1496669
1496707
1496717
1496723
1496741
1496749
1496753
1496767
1496779
1496783
1496791
1496797
1496827
1496837
1496917
1496927
1496939
1496941
1496987
1497019
1497031
1497043
1497049
1497053
1497061
1497103
1497107
1497121
1497127
1497149
1497151
1497161
1497187
1497193
1497211
1497227
1497229
1497233
1497253
1497263
1497271
1497281
1497283
1497289
1497313
1497317
1497337
1497341
1497347
1497359
1497407
1497421
1497439
1497493
1497511
1497521
1497533
1497541
1497557
1497571
1497577
1497593
1497619
1497653
1497659
1497667
1497673
1497701
1497707
1497719
1497721
1497731
1497757
1497787
1497799
1497803
1497809
1497841
1497851
1497857
1497863
1497869
1497877
1497911
1497949
1497961
1497983
1497997
1498001
1498009
1498027
1498073
1498097
1498121
1498129
1498139
1498141
1498153
1498213
1498223
1498229
1498279
1498303
1498309
1498319
1498327
1498333
1498349
1498351
1498361
1498379
1498391
1498403
1498411
1498417
1498429
1498433
1498439
1498457
1498481
1498489
1498513
1498529
1498531
1498543
1498561
1498577
1498583
1498619
1498621
1498649
1498661
1498667
1498687
1498697
1498729
1498741
1498751
1498789
1498799
1498801
1498811
1498813
1498823
1498829
1498843
1498921
1498927
1498951
1498961
1498969
1498993
1498997
1499011
1499041
1499053
1499059
1499123
1499149
1499153
1499161
1499167
1499189
1499207
1499219
1499221
1499227
1499231
1499237
1499243
1499257
1499273
1499287
1499291
1499321
1499353
1499357
1499359
1499369
1499389
1499413
1499419
1499429
1499447
1499467
1499471
1499497
1499521
1499549
1499551
1499567
1499569
1499579
1499593
1499609
1499611
1499627
1499681
1499683
1499699
1499713
1499759
1499767
1499779
1499831
1499843
1499857
1499881
1499891
1499921
1499933
1499963
1499977
