166667
166669
166679
166693
166703
166723
166739
166741
166781
166783
166799
166807
166823
166841
166843
166847
166849
166853
166861
166867
166871
166909
166919
166931
166949
166967
166973
166979
166987
167009
167017
167021
167023
167033
167039
167047
167051
167071
167077
167081
167087
167099
167107
167113
167117
167119
167149
167159
167173
167177
167191
167197
167213
167221
167249
167261
167267
167269
167309
167311
167317
167329
167339
167341
167381
167393
167407
167413
167423
167429
167437
167441
167443
167449
167471
167483
167491
167521
167537
167543
167593
167597
167611
167621
167623
167627
167633
167641
167663
167677
167683
167711
167729
167747
167759
167771
167777
167779
167801
167809
167861
167863
167873
167879
167887
167891
167899
167911
167917
167953
167971
167987
168013
168023
168029
168037
168043
168067
168071
168083
168089
168109
168127
168143
168151
168193
168197
168211
168227
168247
168253
168263
168269
168277
168281
168293
168323
168331
168347
168353
168391
168409
168433
168449
168451
168457
168463
168481
168491
168499
168523
168527
168533
168541
168559
168599
168601
168617
168629
168631
168643
168673
168677
168697
168713
168719
168731
168737
168743
168761
168769
168781
168803
168851
168863
168869
168887
168893
168899
168901
168913
168937
168943
168977
168991
169003
169007
169009
169019
169049
169063
169067
169069
169079
169093
169097
169111
169129
169151
169159
169177
169181
169199
169217
169219
169241
169243
169249
169259
169283
169307
169313
169319
169321
169327
169339
169343
169361
169369
169373
169399
169409
169427
169457
169471
169483
169489
169493
169501
169523
169531
169553
169567
169583
169591
169607
169627
169633
169639
169649
169657
169661
169667
169681
169691
169693
169709
169733
169751
169753
169769
169777
169783
169789
169817
169823
169831
169837
169843
169859
169889
169891
169909
169913
169919
169933
169937
169943
169951
169957
169987
169991
170003
170021
170029
170047
170057
170063
170081
170099
170101
170111
170123
170141
170167
170179
170189
170197
170207
170213
170227
170231
170239
170243
170249
170263
170267
170279
170293
170299
170327
170341
170347
170351
170353
170363
170369
170371
170383
170389
170393
170413
170441
170447
170473
170483
170497
170503
170509
170537
170539
170551
170557
170579
170603
170609
170627
170633
170641
170647
170669
170689
170701
170707
170711
170741
170749
170759
170761
170767
170773
170777
170801
170809
170813
170827
170837
170843
170851
170857
170873
170881
170887
170899
170921
170927
170953
170957
170971
171007
171023
171029
171043
171047
171049
171053
171077
171079
171091
171103
171131
171161
171163
171167
171169
171179
171203
171233
171251
171253
171263
171271
171293
171299
171317
171329
171341
171383
171401
171403
171427
171439
171449
171467
171469
171473
171481
171491
171517
171529
171539
171541
171553
171559
171571
171583
171617
171629
171637
171641
171653
171659
171671
171673
171679
171697
171707
171713
171719
171733
171757
171761
171763
171793
171799
171803
171811
171823
171827
171851
171863
171869
171877
171881
171889
171917
171923
171929
171937
171947
172001
172009
172021
172027
172031
172049
172069
172079
172093
172097
172127
172147
172153
172157
172169
172171
172181
172199
172213
172217
172219
172223
172243
172259
172279
172283
172297
172307
172313
172321
172331
172343
172351
172357
172373
172399
172411
172421
172423
172427
172433
172439
172441
172489
172507
172517
172519
172541
172553
172561
172573
172583
172589
172597
172603
172607
172619
172633
172643
172649
172657
172663
172673
172681
172687
172709
172717
172721
172741
172751
172759
172787
172801
172807
172829
172849
172853
172859
172867
172871
172877
172883
172933
172969
172973
172981
172987
172993
172999
173021
173023
173039
173053
173059
173081
173087
173099
173137
173141
173149
173177
173183
173189
173191
173207
173209
173219
173249
173263
173267
173273
173291
173293
173297
173309
173347
173357
173359
173429
173431
173473
173483
173491
173497
173501
173531
173539
173543
173549
173561
173573
173599
173617
173629
173647
173651
173659
173669
173671
173683
173687
173699
173707
173713
173729
173741
173743
173773
173777
173779
173783
173807
173819
173827
173839
173851
173861
173867
173891
173897
173909
173917
173923
173933
173969
173977
173981
173993
174007
174017
174019
174047
174049
174061
174067
174071
174077
174079
174091
174101
174121
174137
174143
174149
174157
174169
174197
174221
174241
174257
174259
174263
174281
174289
174299
174311
174329
174331
174337
174347
174367
174389
174407
174413
174431
174443
174457
174467
174469
174481
174487
174491
174527
174533
174569
174571
174583
174599
174613
174617
174631
174637
174649
174653
174659
174673
174679
174703
174721
174737
174749
174761
174763
174767
174773
174799
174821
174829
174851
174859
174877
174893
174901
174907
174917
174929
174931
174943
174959
174989
174991
175003
175013
175039
175061
175067
175069
175079
175081
175103
175129
175141
175211
175229
175261
175267
175277
175291
175303
175309
175327
175333
175349
175361
175391
175393
175403
175411
175433
175447
175453
175463
175481
175493
175499
175519
175523
175543
175573
175601
175621
175631
175633
175649
175663
175673
175687
175691
175699
175709
175723
175727
175753
175757
175759
175781
175783
175811
175829
175837
175843
175853
175859
175873
175891
175897
175909
175919
175937
175939
175949
175961
175963
175979
175991
175993
176017
176021
176023
176041
176047
176051
176053
176063
176081
176087
176089
176123
176129
176153
176159
176161
176179
176191
176201
176207
176213
176221
176227
176237
176243
176261
176299
176303
176317
176321
176327
176329
176333
176347
176353
176357
176369
176383
176389
176401
176413
176417
176419
176431
176459
176461
176467
176489
176497
176503
176507
176509
176521
176531
176537
176549
176551
176557
176573
176591
176597
176599
176609
176611
176629
176641
176651
176677
176699
176711
176713
176741
176747
176753
176777
176779
176789
176791
176797
176807
176809
176819
176849
176857
176887
176899
176903
176921
176923
176927
176933
176951
176977
176983
176989
177007
177011
177013
177019
177043
177091
177101
177109
177113
177127
177131
177167
177173
177209
177211
177217
177223
177239
177257
177269
177283
177301
177319
177323
177337
177347
177379
177383
177409
177421
177427
177431
177433
177467
177473
177481
177487
177493
177511
177533
177539
177553
177589
177601
177623
177647
177677
177679
177691
177739
177743
177761
177763
177787
177791
177797
177811
177823
177839
177841
177883
177887
177889
177893
177907
177913
177917
177929
177943
177949
177953
177967
177979
178001
178021
178037
178039
178067
178069
178091
178093
178103
178117
178127
178141
178151
178169
178183
178187
178207
178223
178231
178247
178249
178259
178261
178289
178301
178307
178327
178333
178349
178351
178361
178393
178397
178403
178417
178439
178441
178447
178469
178481
178487
178489
178501
178513
178531
178537
178559
178561
178567
178571
178597
178601
178603
178609
178613
178621
178627
178639
178643
178681
178691
178693
178697
178753
178757
178781
178793
178799
178807
178813
178817
178819
178831
178853
178859
178873
178877
178889
178897
178903
178907
178909
178921
178931
178933
178939
178951
178973
178987
179021
179029
179033
179041
179051
179057
179083
179089
179099
179107
179111
179119
179143
179161
179167
179173
179203
179209
179213
179233
179243
179261
179269
179281
179287
179317
179321
179327
179351
179357
179369
179381
179383
179393
179407
179411
179429
179437
179441
179453
179461
179471
179479
179483
179497
179519
179527
179533
179549
179563
179573
179579
179581
179591
179593
179603
179623
179633
179651
179657
179659
179671
179687
179689
179693
179717
179719
179737
179743
179749
179779
179801
179807
179813
179819
179821
179827
179833
179849
179897
179899
179903
179909
179917
179923
179939
179947
179951
179953
179957
179969
179981
179989
179999
180001
180007
180023
180043
180053
180071
180073
180077
180097
180137
180161
180179
180181
180211
180221
180233
180239
180241
180247
180259
180263
180281
180287
180289
180307
180311
180317
180331
180337
180347
180361
180371
180379
180391
180413
180419
180437
180463
180473
180491
180497
180503
180511
180533
180539
180541
180547
180563
180569
180617
180623
180629
180647
180667
180679
180701
180731
180749
180751
180773
180779
180793
180797
180799
180811
180847
180871
180883
180907
180949
180959
181001
181003
181019
181031
181039
181061
181063
181081
181087
181123
181141
181157
181183
181193
181199
181201
181211
181213
181219
181243
181253
181273
181277
181283
181297
181301
181303
181361
181387
181397
181399
181409
181421
181439
181457
181459
181499
181501
181513
181523
181537
181549
181553
181603
181607
181609
181619
181639
181667
181669
181693
181711
181717
181721
181729
181739
181751
181757
181759
181763
181777
181787
181789
181813
181837
181871
181873
181889
181891
181903
181913
181919
181927
181931
181943
181957
181967
181981
181997
182009
182011
182027
182029
182041
182047
182057
182059
182089
182099
182101
182107
182111
182123
182129
182131
182141
182159
182167
182177
182179
182201
182209
182233
182239
182243
182261
182279
182297
182309
182333
182339
182341
182353
182387
182389
182417
182423
182431
182443
182453
182467
182471
182473
182489
182503
182509
182519
182537
182549
182561
182579
182587
182593
182599
182603
182617
182627
182639
182641
182653
182657
182659
182681
182687
182701
182711
182713
182747
182773
182779
182789
182803
182813
182821
182839
182851
182857
182867
182887
182893
182899
182921
182927
182929
182933
182953
182957
182969
182981
182999
183023
183037
183041
183047
183059
183067
183089
183091
183119
183151
183167
183191
183203
183247
183259
183263
183283
183289
183299
183301
183307
183317
183319
183329
183343
183349
183361
183373
183377
183383
183389
183397
183437
183439
183451
183461
183473
183479
183487
183497
183499
183503
183509
183511
183523
183527
183569
183571
183577
183581
183587
183593
183611
183637
183661
183683
183691
183697
183707
183709
183713
183761
183763
183797
183809
183823
183829
183871
183877
183881
183907
183917
183919
183943
183949
183959
183971
183973
183979
184003
184007
184013
184031
184039
184043
184057
184073
184081
184087
184111
184117
184133
184153
184157
184181
184187
184189
184199
184211
184231
184241
184259
184271
184273
184279
184291
184309
184321
184333
184337
184351
184369
184409
184417
184441
184447
184463
184477
184487
184489
184511
184517
184523
184553
184559
184567
184571
184577
184607
184609
184627
184631
184633
184649
184651
184669
184687
184693
184703
184711
184721
184727
184733
184753
184777
184823
184829
184831
184837
184843
184859
184879
184901
184903
184913
184949
184957
184967
184969
184993
184997
184999
185021
185027
185051
185057
185063
185069
185071
185077
185089
185099
185123
185131
185137
185149
185153
185161
185167
185177
185183
185189
185221
185233
185243
185267
185291
185299
185303
185309
185323
185327
185359
185363
185369
185371
185401
185429
185441
185467
185477
185483
185491
185519
185527
185531
185533
185539
185543
185551
185557
185567
185569
185593
185599
185621
185641
185651
185677
185681
185683
185693
185699
185707
185711
185723
185737
185747
185749
185753
185767
185789
185797
185813
185819
185821
185831
185833
185849
185869
185873
185893
185897
185903
185917
185923
185947
185951
185957
185959
185971
185987
185993
186007
186013
186019
186023
186037
186041
186049
186071
186097
186103
186107
186113
186119
186149
186157
186161
186163
186187
186191
186211
186227
186229
186239
186247
186253
186259
186271
186283
186299
186301
186311
186317
186343
186377
186379
186391
186397
186419
186437
186451
186469
186479
186481
186551
186569
186581
186583
186587
186601
186619
186629
186647
186649
186653
186671
186679
186689
186701
186707
186709
186727
186733
186743
186757
186761
186763
186773
186793
186799
186841
186859
186869
186871
186877
186883
186889
186917
186947
186959
187003
187009
187027
187043
187049
187067
187069
187073
187081
187091
187111
187123
187127
187129
187133
187139
187141
187163
187171
187177
187181
187189
187193
187211
187217
187219
187223
187237
187273
187277
187303
187337
187339
187349
187361
187367
187373
187379
187387
187393
187409
187417
187423
187433
187441
187463
187469
187471
187477
187507
187513
187531
187547
187559
187573
187597
187631
187633
187637
187639
187651
187661
187669
187687
187699
187711
187721
187751
187763
187787
187793
187823
187843
187861
187871
187877
187883
187897
187907
187909
187921
187927
187931
187951
187963
187973
187987
188011
188017
188021
188029
188107
188137
188143
188147
188159
188171
188179
188189
188197
188249
188261
188273
188281
188291
188299
188303
188311
188317
188323
188333
188351
188359
188369
188389
188401
188407
188417
188431
188437
188443
188459
188473
188483
188491
188519
188527
188533
188563
188579
188603
188609
188621
188633
188653
188677
188681
188687
188693
188701
188707
188711
188719
188729
188753
188767
188779
188791
188801
188827
188831
188833
188843
188857
188861
188863
188869
188891
188911
188927
188933
188939
188941
188953
188957
188983
188999
189011
189017
189019
189041
189043
189061
189067
189127
189139
189149
189151
189169
189187
189199
189223
189229
189239
189251
189253
189257
189271
189307
189311
189337
189347
189349
189353
189361
189377
189389
189391
189401
189407
189421
189433
189437
189439
189463
189467
189473
189479
189491
189493
189509
189517
189523
189529
189547
189559
189583
189593
189599
189613
189617
189619
189643
189653
189661
189671
189691
189697
189701
189713
189733
189743
189757
189767
189797
189799
189817
189823
189851
189853
189859
189877
189881
189887
189901
189913
189929
189947
189949
189961
189967
189977
189983
189989
189997
190027
190031
190051
190063
190093
190097
190121
190129
190147
190159
190181
190207
190243
190249
190261
190271
190283
190297
190301
190313
190321
190331
190339
190357
190367
190369
190387
190391
190403
190409
190471
190507
190523
190529
190537
190543
190573
190577
190579
190583
190591
190607
190613
190633
190639
190649
190657
190667
190669
190699
190709
190711
190717
190753
190759
190763
190769
190783
190787
190793
190807
190811
190823
190829
190837
190843
190871
190889
190891
190901
190909
190913
190921
190979
190997
191021
191027
191033
191039
191047
191057
191071
191089
191099
191119
191123
191137
191141
191143
191161
191173
191189
191227
191231
191237
191249
191251
191281
191297
191299
191339
191341
191353
191413
191441
191447
191449
191453
191459
191461
191467
191473
191491
191497
191507
191509
191519
191531
191533
191537
191551
191561
191563
191579
191599
191621
191627
191657
191669
191671
191677
191689
191693
191699
191707
191717
191747
191749
191773
191783
191791
191801
191803
191827
191831
191833
191837
191861
191899
191903
191911
191929
191953
191969
191977
191999
192007
192013
192029
192037
192043
192047
192053
192091
192097
192103
192113
192121
192133
192149
192161
192173
192187
192191
192193
192229
192233
192239
192251
192259
192263
192271
192307
192317
192319
192323
192341
192343
192347
192373
192377
192383
192391
192407
192431
192461
192463
192497
192499
192529
192539
192547
192553
192557
192571
192581
192583
192587
192601
192611
192613
192617
192629
192631
192637
192667
192677
192697
192737
192743
192749
192757
192767
192781
192791
192799
192811
192817
192833
192847
192853
192859
192877
192883
192887
192889
192917
192923
192931
192949
192961
192971
192977
192979
192991
193003
193009
193013
193031
193043
193051
193057
193073
193093
193133
193139
193147
193153
193163
193181
193183
193189
193201
193243
193247
193261
193283
193301
193327
193337
193357
193367
193373
193379
193381
193387
193393
193423
193433
193441
193447
193451
193463
193469
193493
193507
193513
193541
193549
193559
193573
193577
193597
193601
193603
193607
193619
193649
193663
193679
193703
193723
193727
193741
193751
193757
193763
193771
193789
193793
193799
193811
193813
193841
193847
193859
193861
193871
193873
193877
193883
193891
193937
193939
193943
193951
193957
193979
193993
194003
194017
194027
194057
194069
194071
194083
194087
194093
194101
194113
194119
194141
194149
194167
194179
194197
194203
194239
194263
194267
194269
194309
194323
194353
194371
194377
194413
194431
194443
194471
194479
194483
194507
194521
194527
194543
194569
194581
194591
194609
194647
194653
194659
194671
194681
194683
194687
194707
194713
194717
194723
194729
194749
194767
194771
194809
194813
194819
194827
194839
194861
194863
194867
194869
194891
194899
194911
194917
194933
194963
194977
194981
194989
195023
195029
195043
195047
195049
195053
195071
195077
195089
195103
195121
195127
195131
195137
195157
195161
195163
195193
195197
195203
195229
195241
195253
195259
195271
195277
195281
195311
195319
195329
195341
195343
195353
195359
195389
195401
195407
195413
195427
195443
195457
195469
195479
195493
195497
195511
195527
195539
195541
195581
195593
195599
195659
195677
195691
195697
195709
195731
195733
195737
195739
195743
195751
195761
195781
195787
195791
195809
195817
195863
195869
195883
195887
195893
195907
195913
195919
195929
195931
195967
195971
195973
195977
195991
195997
196003
196033
196039
196043
196051
196073
196081
196087
196111
196117
196139
196159
196169
196171
196177
196181
196187
196193
196201
196247
196271
196277
196279
196291
196303
196307
196331
196337
196379
196387
196429
196439
196453
196459
196477
196499
196501
196519
196523
196541
196543
196549
196561
196579
196583
196597
196613
196643
196657
196661
196663
196681
196687
196699
196709
196717
196727
196739
196751
196769
196771
196799
196817
196831
196837
196853
196871
196873
196879
196901
196907
196919
196927
196961
196991
196993
197003
197009
197023
197033
197059
197063
197077
197083
197089
197101
197117
197123
197137
197147
197159
197161
197203
197207
197221
197233
197243
197257
197261
197269
197273
197279
197293
197297
197299
197311
197339
197341
197347
197359
197369
197371
197381
197383
197389
197419
197423
197441
197453
197479
197507
197521
197539
197551
197567
197569
197573
197597
197599
197609
197621
197641
197647
197651
197677
197683
197689
197699
197711
197713
197741
197753
197759
197767
197773
197779
197803
197807
197831
197837
197887
197891
197893
197909
197921
197927
197933
197947
197957
197959
197963
197969
197971
198013
198017
198031
198043
198047
198073
198083
198091
198097
198109
198127
198139
198173
198179
198193
198197
198221
198223
198241
198251
198257
198259
198277
198281
198301
198313
198323
198337
198347
198349
198377
198391
198397
198409
198413
198427
198437
198439
198461
198463
198469
198479
198491
198503
198529
198533
198553
198571
198589
198593
198599
198613
198623
198637
198641
198647
198659
198673
198689
198701
198719
198733
198761
198769
198811
198817
198823
198827
198829
198833
198839
198841
198851
198859
198899
198901
198929
198937
198941
198943
198953
198959
198967
198971
198977
198997
199021
199033
199037
199039
199049
199081
199103
199109
199151
199153
199181
199193
199207
199211
199247
199261
199267
199289
199313
199321
199337
199343
199357
199373
199379
199399
199403
199411
199417
199429
199447
199453
199457
199483
199487
199489
199499
199501
199523
199559
199567
199583
199601
199603
199621
199637
199657
199669
199673
199679
199687
199697
199721
199729
199739
199741
199751
199753
199777
199783
199799
199807
199811
199813
199819
199831
199853
199873
199877
199889
199909
199921
199931
199933
199961
199967
199999
200003
200009
200017
200023
200029
200033
200041
200063
200087
200117
200131
200153
200159
200171
200177
200183
200191
200201
200227
200231
200237
200257
200273
200293
200297
200323
200329
200341
200351
200357
200363
200371
200381
200383
200401
200407
200437
200443
200461
200467
200483
200513
200569
200573
200579
200587
200591
200597
200609
200639
200657
200671
200689
200699
200713
200723
200731
200771
200779
200789
200797
200807
200843
200861
200867
200869
200881
200891
200899
200903
200909
200927
200929
200971
200983
200987
200989
201007
201011
201031
201037
201049
201073
201101
201107
201119
201121
201139
201151
201163
201167
201193
201203
201209
201211
201233
201247
201251
201281
201287
201307
201329
201337
201359
201389
201401
201403
201413
201437
201449
201451
201473
201491
201493
201497
201499
201511
201517
201547
201557
201577
201581
201589
201599
201611
201623
201629
201653
201661
201667
201673
201683
201701
201709
201731
201743
201757
201767
201769
201781
201787
201791
201797
201809
201821
201823
201827
201829
201833
201847
201881
201889
201893
201907
201911
201919
201923
201937
201947
201953
201961
201973
201979
201997
202001
202021
202031
202049
202061
202063
202067
202087
202099
202109
202121
202127
202129
202183
202187
202201
202219
202231
202243
202277
202289
202291
202309
202327
202339
202343
202357
202361
202381
202387
202393
202403
202409
202441
202471
202481
202493
202519
202529
202549
202567
202577
202591
202613
202621
202627
202637
202639
202661
202667
202679
202693
202717
202729
202733
202747
202751
202753
202757
202777
202799
202817
202823
202841
202859
202877
202879
202889
202907
202921
202931
202933
202949
202967
202973
202981
202987
202999
203011
203017
203023
203039
203051
203057
203117
203141
203173
203183
203207
203209
203213
203221
203227
203233
203249
203279
203293
203309
203311
203317
203321
203323
203339
203341
203351
203353
203363
203381
203383
203387
203393
203417
203419
203429
203431
203449
203459
203461
203531
203549
203563
203569
203579
203591
203617
203627
203641
203653
203657
203659
203663
203669
203713
203761
203767
203771
203773
203789
203807
203809
203821
203843
203857
203869
203873
203897
203909
203911
203921
203947
203953
203969
203971
203977
203989
203999
204007
204013
204019
204023
204047
204059
204067
204101
204107
204133
204137
204143
204151
204161
204163
204173
204233
204251
204299
204301
204311
204319
204329
204331
204353
204359
204361
204367
204371
204377
204397
204427
204431
204437
204439
204443
204461
204481
204487
204509
204511
204517
204521
204557
204563
204583
204587
204599
204601
204613
204623
204641
204667
204679
204707
204719
204733
204749
204751
204781
204791
204793
204797
204803
204821
204857
204859
204871
204887
204913
204917
204923
204931
204947
204973
204979
204983
205019
205031
205033
205043
205063
205069
205081
205097
205103
205111
205129
205133
205141
205151
205157
205171
205187
205201
205211
205213
205223
205237
205253
205267
205297
205307
205319
205327
205339
205357
205391
205397
205399
205417
205421
205423
205427
205433
205441
205453
205463
205477
205483
205487
205493
205507
205519
205529
205537
205549
205553
205559
205589
205603
205607
205619
205627
205633
205651
205657
205661
205663
205703
205721
205759
205763
205783
205817
205823
205837
205847
205879
205883
205913
205937
205949
205951
205957
205963
205967
205981
205991
205993
206009
206021
206027
206033
206039
206047
206051
206069
206077
206081
206083
206123
206153
206177
206179
206183
206191
206197
206203
206209
206221
206233
206237
206249
206251
206263
206273
206279
206281
206291
206299
206303
206341
206347
206351
206369
206383
206399
206407
206411
206413
206419
206447
206461
206467
206477
206483
206489
206501
206519
206527
206543
206551
206593
206597
206603
206623
206627
206639
206641
206651
206699
206749
206779
206783
206803
206807
206813
206819
206821
206827
206879
206887
206897
206909
206911
206917
206923
206933
206939
206951
206953
206993
207013
207017
207029
207037
207041
207061
207073
207079
207113
207121
207127
207139
207169
207187
207191
207197
207199
207227
207239
207241
207257
207269
207287
207293
207301
207307
207329
207331
207341
207343
207367
207371
207377
207401
207409
207433
207443
207457
207463
207469
207479
207481
207491
207497
207509
207511
207517
207521
207523
207541
207547
207551
207563
207569
207589
207593
207619
207629
207643
207653
207661
207671
207673
207679
207709
207719
207721
207743
207763
207769
207797
207799
207811
207821
207833
207847
207869
207877
207923
207931
207941
207947
207953
207967
207971
207973
207997
208001
208003
208009
208037
208049
208057
208067
208073
208099
208111
208121
208129
208139
208141
208147
208189
208207
208213
208217
208223
208231
208253
208261
208277
208279
208283
208291
208309
208319
208333
208337
208367
208379
208387
208391
208393
208409
208433
208441
208457
208459
208463
208469
208489
208493
208499
208501
208511
208513
208519
208529
208553
208577
208589
208591
208609
208627
208631
208657
208667
208673
208687
208697
208699
208721
208729
208739
208759
208787
208799
208807
208837
208843
208877
208889
208891
208907
208927
208931
208933
208961
208963
208991
208993
208997
209021
209029
209039
209063
209071
209089
209123
209147
209159
209173
209179
209189
209201
209203
209213
209221
209227
209233
209249
209257
209263
209267
209269
209299
209311
209317
209327
209333
209347
209353
209357
209359
209371
209381
209393
209401
209431
209441
209449
209459
209471
209477
209497
209519
209533
209543
209549
209563
209567
209569
209579
209581
209597
209621
209623
209639
209647
209659
209669
209687
209701
209707
209717
209719
209743
209767
209771
209789
209801
209809
209813
209819
209821
209837
209851
209857
209861
209887
209917
209927
209929
209939
209953
209959
209971
209977
209983
209987
210011
210019
210031
210037
210053
210071
210097
210101
210109
210113
210127
210131
210139
210143
210157
210169
210173
210187
210191
210193
210209
210229
210233
210241
210247
210257
210263
210277
210283
210299
210317
210319
210323
210347
210359
210361
210391
210401
210403
210407
210421
210437
210461
210467
210481
210487
210491
210499
210523
210527
210533
210557
210599
210601
210619
210631
210643
210659
210671
210709
210713
210719
210731
210739
210761
210773
210803
210809
210811
210823
210827
210839
210853
210857
210869
210901
210907
210911
210913
210923
210929
210943
210961
210967
211007
211039
211049
211051
211061
211063
211067
211073
211093
211097
211129
211151
211153
211177
211187
211193
211199
211213
211217
211219
211229
211231
211241
211247
211271
211283
211291
211297
211313
211319
211333
211339
211349
211369
211373
211403
211427
211433
211441
211457
211469
211493
211499
211501
211507
211543
211559
211571
211573
211583
211597
211619
211639
211643
211657
211661
211663
211681
211691
211693
211711
211723
211727
211741
211747
211777
211781
211789
211801
211811
211817
211859
211867
211873
211877
211879
211889
211891
211927
211931
211933
211943
211949
211969
211979
211997
212029
212039
212057
212081
212099
212117
212123
212131
212141
212161
212167
212183
212203
212207
212209
212227
212239
212243
212281
212293
212297
212353
212369
212383
212411
212419
212423
212437
212447
212453
212461
212467
212479
212501
212507
212557
212561
212573
212579
212587
212593
212627
212633
212651
212669
212671
212677
212683
212701
212777
212791
212801
212827
212837
212843
212851
212867
212869
212873
212881
212897
212903
212909
212917
212923
212969
212981
212987
212999
213019
213023
213029
213043
213067
213079
213091
213097
213119
213131
213133
213139
213149
213173
213181
213193
213203
213209
213217
213223
213229
213247
213253
213263
213281
213287
213289
213307
213319
213329
213337
213349
213359
213361
213383
213391
213397
213407
213449
213461
213467
213481
213491
213523
213533
213539
213553
213557
213589
213599
213611
213613
213623
213637
213641
213649
213659
213713
213721
213727
213737
213751
213791
213799
213821
213827
213833
213847
213859
213881
213887
213901
213919
213929
213943
213947
213949
213953
213973
213977
213989
214003
214007
214009
214021
214031
214033
214043
214051
214063
214069
214087
214091
214129
214133
214141
214147
214163
214177
214189
214211
214213
214219
214237
214243
214259
214283
214297
214309
214351
214363
214373
214381
214391
214399
214433
214439
214451
214457
214463
214469
214481
214483
214499
214507
214517
214519
214531
214541
214559
214561
214589
214603
214607
214631
214639
214651
214657
214663
214667
214673
214691
214723
214729
214733
214741
214759
214763
214771
214783
214787
214789
214807
214811
214817
214831
214849
214853
214867
214883
214891
214913
214939
214943
214967
214987
214993
215051
215063
215077
215087
215123
215141
215143
215153
215161
215179
215183
215191
215197
215239
215249
215261
215273
215279
215297
215309
215317
215329
215351
215353
215359
215381
215389
215393
215399
215417
215443
215447
215459
215461
215471
215483
215497
215503
215507
215521
215531
215563
215573
215587
215617
215653
215659
215681
215687
215689
215693
215723
215737
215753
215767
215771
215797
215801
215827
215833
215843
215851
215857
215863
215893
215899
215909
215921
215927
215939
215953
215959
215981
215983
216023
216037
216061
216071
216091
216103
216107
216113
216119
216127
216133
216149
216157
216173
216179
216211
216217
216233
216259
216263
216289
216317
216319
216329
216347
216371
216373
216379
216397
216401
216421
216431
216451
216481
216493
216509
216523
216551
216553
216569
216571
216577
216607
216617
216641
216647
216649
216653
216661
216679
216703
216719
216731
216743
216751
216757
216761
216779
216781
216787
216791
216803
216829
216841
216851
216859
216877
216899
216901
216911
216917
216919
216947
216967
216973
216991
217001
217003
217027
217033
217057
217069
217081
217111
217117
217121
217157
217163
217169
217199
217201
217207
217219
217223
217229
217241
217253
217271
217307
217309
217313
217319
217333
217337
217339
217351
217361
217363
217367
217369
217387
217397
217409
217411
217421
217429
217439
217457
217463
217489
217499
217517
217519
217559
217561
217573
217577
217579
217619
217643
217661
217667
217681
217687
217691
217697
217717
217727
217733
217739
217747
217771
217781
217793
217823
217829
217849
217859
217901
217907
217909
217933
217937
217969
217979
217981
218003
218021
218047
218069
218077
218081
218083
218087
218107
218111
218117
218131
218137
218143
218149
218171
218191
218213
218227
218233
218249
218279
218287
218357
218363
218371
218381
218389
218401
218417
218419
218423
218437
218447
218453
218459
218461
218479
218509
218513
218521
218527
218531
218549
218551
218579
218591
218599
218611
218623
218627
218629
218641
218651
218657
218677
218681
218711
218717
218719
218723
218737
218749
218761
218783
218797
218809
218819
218833
218839
218843
218849
218857
218873
218887
218923
218941
218947
218963
218969
218971
218987
218989
218993
219001
219017
219019
219031
219041
219053
219059
219071
219083
219091
219097
219103
219119
219133
219143
219169
219187
219217
219223
219251
219277
219281
219293
219301
219311
219313
219353
219361
219371
219377
219389
219407
219409
219433
219437
219451
219463
219467
219491
219503
219517
219523
219529
219533
219547
219577
219587
219599
219607
219613
219619
219629
219647
219649
219677
219679
219683
219689
219707
219721
219727
219731
219749
219757
219761
219763
219767
219787
219797
219799
219809
219823
219829
219839
219847
219851
219871
219881
219889
219911
219917
219931
219937
219941
219943
219953
219959
219971
219977
219979
219983
220009
220013
220019
220021
220057
220063
220123
220141
220147
220151
220163
220169
220177
220189
220217
220243
220279
220291
220301
220307
220327
220333
220351
220357
220361
220369
220373
220391
220399
220403
220411
220421
220447
220469
220471
220511
220513
220529
220537
220543
220553
220559
220573
220579
220589
220613
220663
220667
220673
220681
220687
220699
220709
220721
220747
220757
220771
220783
220789
220793
220807
220811
220841
220859
220861
220873
220877
220879
220889
220897
220901
220903
220907
220919
220931
220933
220939
220973
221021
221047
221059
221069
221071
221077
221083
221087
221093
221101
221159
221171
221173
221197
221201
221203
221209
221219
221227
221233
221239
221251
221261
221281
221303
221311
221317
221327
221393
221399
221401
221411
221413
221447
221453
221461
221471
221477
221489
221497
221509
221537
221539
221549
221567
221581
221587
221603
221621
221623
221653
221657
221659
221671
221677
221707
221713
221717
221719
221723
221729
221737
221747
221773
221797
221807
221813
221827
221831
221849
221873
221891
221909
221941
221951
221953
221957
221987
221989
221999
222007
222011
222023
222029
222041
222043
222059
222067
222073
222107
222109
222113
222127
222137
222149
222151
222161
222163
222193
222197
222199
222247
222269
222289
222293
222311
222317
222323
222329
222337
222347
222349
222361
222367
222379
222389
222403
222419
222437
222461
222493
222499
222511
222527
222533
222553
222557
222587
222601
222613
222619
222643
222647
222659
222679
222707
222713
222731
222773
222779
222787
222791
222793
222799
222823
222839
222841
222857
222863
222877
222883
222913
222919
222931
222941
222947
222953
222967
222977
222979
222991
223007
223009
223019
223037
223049
223051
223061
223063
223087
223099
223103
223129
223133
223151
223207
223211
223217
223219
223229
223241
223243
223247
223253
223259
223273
223277
223283
223291
223303
223313
223319
223331
223337
223339
223361
223367
223381
223403
223423
223429
223439
223441
223463
223469
223481
223493
223507
223529
223543
223547
223549
223577
223589
223621
223633
223637
223667
223679
223681
223697
223711
223747
223753
223757
223759
223781
223823
223829
223831
223837
223841
223843
223849
223903
223919
223921
223939
223963
223969
223999
224011
224027
224033
224041
224047
224057
224069
224071
224101
224113
224129
224131
224149
224153
224171
224177
224197
224201
224209
224221
224233
224239
224251
224261
224267
224291
224299
224303
224309
224317
224327
224351
224359
224363
224401
224423
224429
224443
224449
224461
224467
224473
224491
224501
224513
224527
224563
224569
224579
224591
224603
224611
224617
224629
224633
224669
224677
224683
224699
224711
224717
224729
224737
224743
224759
224771
224797
224813
224831
224863
224869
224881
224891
224897
224909
224911
224921
224929
224947
224951
224969
224977
224993
225023
225037
225061
225067
225077
225079
225089
225109
225119
225133
225143
225149
225157
225161
225163
225167
225217
225221
225223
225227
225241
225257
225263
225287
225289
225299
225307
225341
225343
225347
225349
225353
225371
225373
225383
225427
225431
225457
225461
225479
225493
225499
225503
225509
225523
225527
225529
225569
225581
225583
225601
225611
225613
225619
225629
225637
225671
225683
225689
225697
225721
225733
225749
225751
225767
225769
225779
225781
225809
225821
225829
225839
225859
225871
225889
225919
225931
225941
225943
225949
225961
225977
225983
225989
226001
226007
226013
226027
226063
226087
226099
226103
226123
226129
226133
226141
226169
226183
226189
226199
226201
226217
226231
226241
226267
226283
226307
226313
226337
226357
226367
226379
226381
226397
226409
226427
226433
226451
226453
226463
226483
226487
226511
226531
226547
226549
226553
226571
226601
226609
226621
226631
226637
226643
226649
226657
226663
226669
226691
226697
226741
226753
226769
226777
226783
226789
226799
226813
226817
226819
226823
226843
226871
226901
226903
226907
226913
226937
226943
226991
227011
227027
227053
227081
227089
227093
227111
227113
227131
227147
227153
227159
227167
227177
227189
227191
227207
227219
227231
227233
227251
227257
227267
227281
227299
227303
227363
227371
227377
227387
227393
227399
227407
227419
227431
227453
227459
227467
227471
227473
227489
227497
227501
227519
227531
227533
227537
227561
227567
227569
227581
227593
227597
227603
227609
227611
227627
227629
227651
227653
227663
227671
227693
227699
227707
227719
227729
227743
227789
227797
227827
227849
227869
227873
227893
227947
227951
227977
227989
227993
228013
228023
228049
228061
228077
228097
228103
228113
228127
228131
228139
228181
228197
228199
228203
228211
228223
228233
228251
228257
228281
228299
228301
228307
228311
228331
228337
228341
228353
228359
228383
228409
228419
228421
228427
228443
228451
228457
228461
228469
228479
228509
228511
228517
228521
228523
228539
228559
228577
228581
228587
228593
228601
228611
228617
228619
228637
228647
228677
228707
228713
228731
228733
228737
228751
228757
228773
228793
228797
228799
228829
228841
228847
228853
228859
228869
228881
228883
228887
228901
228911
228913
228923
228929
228953
228959
228961
228983
228989
229003
229027
229037
229081
229093
229123
229127
229133
229139
229153
229157
229171
229181
229189
229199
229213
229217
229223
229237
229247
229249
229253
229261
229267
229283
229309
229321
229343
229351
229373
229393
229399
229403
229409
229423
229433
229459
229469
229487
229499
229507
229519
229529
229547
229549
229553
229561
229583
229589
229591
229601
229613
229627
229631
229637
229639
229681
229693
229699
229703
229711
229717
229727
229739
229751
229753
229759
229763
229769
229771
229777
229781
229799
229813
229819
229837
229841
229847
229849
229897
229903
229937
229939
229949
229961
229963
229979
229981
230003
230017
230047
230059
230063
230077
230081
230089
230101
230107
230117
230123
230137
230143
230149
230189
230203
230213
230221
230227
230233
230239
230257
230273
230281
230291
230303
230309
230311
230327
230339
230341
230353
230357
230369
230383
230387
230389
230393
230431
230449
230453
230467
230471
230479
230501
230507
230539
230551
230561
230563
230567
230597
230611
230647
230653
230663
230683
230693
230719
230729
230743
230761
230767
230771
230773
230779
230807
230819
230827
230833
230849
230861
230863
230873
230891
230929
230933
230939
230941
230959
230969
230977
230999
231001
231017
231019
231031
231041
231053
231067
231079
231107
231109
231131
231169
231197
231223
231241
231269
231271
231277
231289
231293
231299
231317
231323
231331
231347
231349
231359
231367
231379
231409
231419
231431
231433
231443
231461
231463
231479
231481
231493
231503
231529
231533
231547
231551
231559
231563
231571
231589
231599
231607
231611
231613
231631
231643
231661
231677
231701
231709
231719
231779
231799
231809
231821
231823
231827
231839
231841
231859
231871
231877
231893
231901
231919
231923
231943
231947
231961
231967
232003
232007
232013
232049
232051
232073
232079
232081
232091
232103
232109
232117
232129
232153
232171
232187
232189
232207
232217
232259
232303
232307
232333
232357
232363
232367
232381
232391
232409
232411
232417
232433
232439
232451
232457
232459
232487
232499
232513
232523
232549
232567
232571
232591
232597
232607
232621
232633
232643
232663
232669
232681
232699
232709
232711
232741
232751
232753
232777
232801
232811
232819
232823
232847
232853
232861
232871
232877
232891
232901
232907
232919
232937
232961
232963
232987
233021
233069
233071
233083
233113
233117
233141
233143
233159
233161
233173
233183
233201
233221
233231
233239
233251
233267
233279
233293
233297
233323
233327
233329
233341
233347
233353
233357
233371
233407
233417
233419
233423
233437
233477
233489
233509
233549
233551
233557
233591
233599
233609
233617
233621
233641
233663
233669
233683
233687
233689
233693
233713
233743
233747
233759
233777
233837
233851
233861
233879
233881
233911
233917
233921
233923
233939
233941
233969
233983
233993
234007
234029
234043
234067
234083
234089
234103
234121
234131
234139
234149
234161
234167
234181
234187
234191
234193
234197
234203
234211
234217
234239
234259
234271
234281
234287
234293
234317
234319
234323
234331
234341
234343
234361
234383
234431
234457
234461
234463
234467
234473
234499
234511
234527
234529
234539
234541
234547
234571
234587
234589
234599
234613
234629
234653
234659
234673
234683
234713
234721
234727
234733
234743
234749
234769
234781
234791
234799
234803
234809
234811
234833
234847
234851
234863
234869
234893
234907
234917
234931
234947
234959
234961
234967
234977
234979
234989
235003
235007
235009
235013
235043
235051
235057
235069
235091
235099
235111
235117
235159
235171
235177
235181
235199
235211
235231
235241
235243
235273
235289
235307
235309
235337
235349
235369
235397
235439
235441
235447
235483
235489
235493
235513
235519
235523
235537
235541
235553
235559
235577
235591
235601
235607
235621
235661
235663
235673
235679
235699
235723
235747
235751
235783
235787
235789
235793
235811
235813
235849
235871
235877
235889
235891
235901
235919
235927
235951
235967
235979
235997
236017
236021
236053
236063
236069
236077
236087
236107
236111
236129
236143
236153
236167
236207
236209
236219
236231
236261
236287
236293
236297
236323
236329
236333
236339
236377
236381
236387
236399
236407
236429
236449
236461
236471
236477
236479
236503
236507
236519
236527
236549
236563
236573
236609
236627
236641
236653
236659
236681
236699
236701
236707
236713
236723
236729
236737
236749
236771
236773
236779
236783
236807
236813
236867
236869
236879
236881
236891
236893
236897
236909
236917
236947
236981
236983
236993
237011
237019
237043
237053
237067
237071
237073
237089
237091
237137
237143
237151
237157
237161
237163
237173
237179
237203
237217
237233
237257
237271
237277
237283
237287
237301
237313
237319
237331
237343
237361
237373
237379
237401
237409
237467
237487
237509
237547
237563
237571
237581
237607
237619
237631
237673
237683
237689
237691
237701
237707
237733
237737
237749
237763
237767
237781
237791
237821
237851
237857
237859
237877
237883
237901
237911
237929
237959
237967
237971
237973
237977
237997
238001
238009
238019
238031
238037
238039
238079
238081
238093
238099
238103
238109
238141
238151
238157
238159
238163
238171
238181
238201
238207
238213
238223
238229
238237
238247
238261
238267
238291
238307
238313
238321
238331
238339
238361
238363
238369
238373
238397
238417
238423
238439
238451
238463
238471
238477
238481
238499
238519
238529
238531
238547
238573
238591
238627
238639
238649
238657
238673
238681
238691
238703
238709
238723
238727
238729
238747
238759
238781
238789
238801
238829
238837
238841
238853
238859
238877
238879
238883
238897
238919
238921
238939
238943
238949
238967
238991
239017
239023
239027
239053
239069
239081
239087
239119
239137
239147
239167
239171
239179
239201
239231
239233
239237
239243
239251
239263
239273
239287
239297
239329
239333
239347
239357
239383
239387
239389
239417
239423
239429
239431
239441
239461
239489
239509
239521
239527
239531
239539
239543
239557
239567
239579
239587
239597
239611
239623
239633
239641
239671
239689
239699
239711
239713
239731
239737
239753
239779
239783
239803
239807
239831
239843
239849
239851
239857
239873
239879
239893
239929
239933
239947
239957
239963
239977
239999
240007
240011
240017
240041
240043
240047
240049
240059
240073
240089
240101
240109
240113
240131
240139
240151
240169
240173
240197
240203
240209
240257
240259
240263
240271
240283
240287
240319
240341
240347
240349
240353
240371
240379
240421
240433
240437
240473
240479
240491
240503
240509
240517
240551
240571
240587
240589
240599
240607
240623
240631
240641
240659
240677
240701
240707
240719
240727
240733
240739
240743
240763
240769
240797
240811
240829
240841
240853
240859
240869
240881
240883
240893
240899
240913
240943
240953
240959
240967
240997
241013
241027
241037
241049
241051
241061
241067
241069
241079
241093
241117
241127
241141
241169
241177
241183
241207
241229
241249
241253
241259
241261
241271
241291
241303
241313
241321
241327
241333
241337
241343
241361
241363
241391
241393
241421
241429
241441
241453
241463
241469
241489
241511
241513
241517
241537
241543
241559
241561
241567
241589
241597
241601
241603
241639
241643
241651
241663
241667
241679
241687
241691
241711
241727
241739
241771
241781
241783
241793
241807
241811
241817
241823
241847
241861
241867
241873
241877
241883
241903
241907
241919
241921
241931
241939
241951
241963
241973
241979
241981
241993
242009
242057
242059
242069
242083
242093
242101
242119
242129
242147
242161
242171
242173
242197
242201
242227
242243
242257
242261
242273
242279
242309
242329
242357
242371
242377
242393
242399
242413
242419
242441
242447
242449
242453
242467
242479
242483
242491
242509
242519
242521
242533
242551
242591
242603
242617
242621
242629
242633
242639
242647
242659
242677
242681
242689
242713
242729
242731
242747
242773
242779
242789
242797
242807
242813
242819
242863
242867
242873
242887
242911
242923
242927
242971
242989
242999
243011
243031
243073
243077
243091
243101
243109
243119
243121
243137
243149
243157
243161
243167
243197
243203
243209
243227
243233
243239
243259
243263
243301
243311
243343
243367
243391
243401
243403
243421
243431
243433
243437
243461
243469
243473
243479
243487
243517
243521
243527
243533
243539
243553
243577
243583
243587
243589
243613
243623
243631
243643
243647
243671
243673
243701
243703
243707
243709
243769
243781
243787
243799
243809
243829
243839
243851
243857
243863
243871
243889
243911
243917
243931
243953
243973
243989
244003
244009
244021
244033
244043
244087
244091
244109
244121
244129
244141
244147
244157
244159
244177
244199
244217
244219
244243
244247
244253
244261
244291
244297
244301
244303
244313
244333
244339
244351
244357
244367
244379
244381
244393
244399
244403
244411
244423
244429
244451
244457
244463
244471
244481
244493
244507
244529
244547
244553
244561
244567
244583
244589
244597
244603
244619
244633
244637
244639
244667
244669
244687
244691
244703
244711
244721
244733
244747
244753
244759
244781
244787
244813
244837
244841
244843
244859
244861
244873
244877
244889
244897
244901
244939
244943
244957
244997
245023
245029
245033
245039
245071
245083
245087
245107
245129
245131
245149
245171
245173
245177
245183
245209
245251
245257
245261
245269
245279
245291
245299
245317
245321
245339
245383
245389
245407
245411
245417
245419
245437
245471
245473
245477
245501
245513
245519
245521
245527
245533
245561
245563
245587
245591
245593
245621
245627
245629
245639
245653
245671
245681
245683
245711
245719
245723
245741
245747
245753
245759
245771
245783
245789
245821
245849
245851
245863
245881
245897
245899
245909
245911
245941
245963
245977
245981
245983
245989
246011
246017
246049
246073
246097
246119
246121
246131
246133
246151
246167
246173
246187
246193
246203
246209
246217
246223
246241
246247
246251
246271
246277
246289
246317
246319
246329
246343
246349
246361
246371
246391
246403
246439
246469
246473
246497
246509
246511
246523
246527
246539
246557
246569
246577
246599
246607
246611
246613
246637
246641
246643
246661
246683
246689
246707
246709
246713
246731
246739
246769
246773
246781
246787
246793
246803
246809
246811
246817
246833
246839
246889
246899
246907
246913
246919
246923
246929
246931
246937
246941
246947
246971
246979
247001
247007
247031
247067
247069
247073
247087
247099
247141
247183
247193
247201
247223
247229
247241
247249
247259
247279
247301
247309
247337
247339
247343
247363
247369
247381
247391
247393
247409
247421
247433
247439
247451
247463
247501
247519
247529
247531
247547
247553
247579
247591
247601
247603
247607
247609
247613
247633
247649
247651
247691
247693
247697
247711
247717
247729
247739
247759
247769
247771
247781
247799
247811
247813
247829
247847
247853
247873
247879
247889
247901
247913
247939
247943
247957
247991
247993
247997
247999
248021
248033
248041
248051
248057
248063
248071
248077
248089
248099
248117
248119
248137
248141
248161
248167
248177
248179
248189
248201
248203
248231
248243
248257
248267
248291
248293
248299
248309
248317
248323
248351
248357
248371
248389
248401
248407
248431
248441
248447
248461
248473
248477
248483
248509
248533
248537
248543
248569
248579
248587
248593
248597
248609
248621
248627
248639
248641
248657
248683
248701
248707
248719
248723
248737
248749
248753
248779
248783
248789
248797
248813
248821
248827
248839
248851
248861
248867
248869
248879
248887
248891
248893
248903
248909
248971
248981
248987
249017
249037
249059
249079
249089
249097
249103
249107
249127
249131
249133
249143
249181
249187
249199
249211
249217
249229
249233
249253
249257
249287
249311
249317
249329
249341
249367
249377
249383
249397
249419
249421
249427
249433
249437
249439
249449
249463
249497
249499
249503
249517
249521
249533
249539
249541
249563
249583
249589
249593
249607
249647
249659
249671
249677
249703
249721
249727
249737
249749
249763
249779
249797
249811
249827
249833
249853
249857
249859
249863
249871
249881
249911
249923
249943
249947
249967
249971
249973
249989
250007
250013
250027
250031
250037
250043
250049
250051
250057
250073
250091
250109
250123
250147
250153
250169
250199
250253
250259
250267
250279
250301
250307
250343
250361
250403
250409
250423
250433
250441
250451
250489
250499
250501
250543
250583
250619
250643
250673
250681
250687
250693
250703
250709
250721
250727
250739
250741
250751
250753
250777
250787
250793
250799
250807
250813
250829
250837
250841
250853
250867
250871
250889
250919
250949
250951
250963
250967
250969
250979
250993
251003
251033
251051
251057
251059
251063
251071
251081
251087
251099
251117
251143
251149
251159
251171
251177
251179
251191
251197
251201
251203
251219
251221
251231
251233
251257
251261
251263
251287
251291
251297
251323
251347
251353
251359
251387
251393
251417
251429
251431
251437
251443
251467
251473
251477
251483
251491
251501
251513
251519
251527
251533
251539
251543
251561
251567
251609
251611
251621
251623
251639
251653
251663
251677
251701
251707
251737
251761
251789
251791
251809
251831
251833
251843
251857
251861
251879
251887
251893
251897
251903
251917
251939
251941
251947
251969
251971
251983
252001
252013
252017
252029
252037
252079
252101
252139
252143
252151
252157
252163
252169
252173
252181
252193
252209
252223
252233
252253
252277
252283
252289
252293
252313
252319
252323
252341
252359
252383
252391
252401
252409
252419
252431
252443
252449
252457
252463
252481
252509
252533
252541
252559
252583
252589
252607
252611
252617
252641
252667
252691
252709
252713
252727
252731
252737
252761
252767
252779
252817
252823
252827
252829
252869
252877
252881
252887
252893
252899
252911
252913
252919
252937
252949
252971
252979
252983
253003
253013
253049
253063
253081
253103
253109
253133
253153
253157
253159
253229
253243
253247
253273
253307
253321
253343
253349
253361
253367
253369
253381
253387
253417
253423
253427
253433
253439
253447
253469
253481
253493
253501
253507
253531
253537
253543
253553
253567
253573
253601
253607
253609
253613
253633
253637
253639
253651
253661
253679
253681
253703
253717
253733
253741
253751
253763
253769
253777
253787
253789
253801
253811
253819
253823
253853
253867
253871
253879
253901
253907
253909
253919
253937
253949
253951
253969
253987
253993
253999
254003
254021
254027
254039
254041
254047
254053
254071
254083
254119
254141
254147
254161
254179
254197
254207
254209
254213
254249
254257
254279
254281
254291
254299
254329
254369
254377
254383
254389
254407
254413
254437
254447
254461
254489
254491
254519
254537
254557
254593
254623
254627
254647
254659
254663
254699
254713
254729
254731
254741
254747
254753
254773
254777
254783
254791
254803
254827
254831
254833
254857
254869
254873
254879
254887
254899
254911
254927
254929
254941
254959
254963
254971
254977
254987
254993
255007
255019
255023
255043
255049
255053
255071
255077
255083
255097
255107
255121
255127
255133
255137
255149
255173
255179
255181
255191
255193
255197
255209
255217
255239
255247
255251
255253
255259
255313
255329
255349
255361
255371
255383
255413
255419
255443
255457
255467
255469
255473
255487
255499
255503
255511
255517
255523
255551
255571
255587
255589
255613
255617
255637
255641
255649
255653
255659
255667
255679
255709
255713
255733
255743
255757
255763
255767
255803
255839
255841
255847
255851
255859
255869
255877
255887
255907
255917
255919
255923
255947
255961
255971
255973
255977
255989
256019
256021
256031
256033
256049
256057
256079
256093
256117
256121
256129
256133
256147
256163
256169
256181
256187
256189
256199
256211
256219
256279
256301
256307
256313
256337
256349
256363
256369
256391
256393
256423
256441
256469
256471
256483
256489
256493
256499
256517
256541
256561
256567
256577
256579
256589
256603
256609
256639
256643
256651
256661
256687
256699
256721
256723
256757
256771
256799
256801
256813
256831
256873
256877
256889
256901
256903
256931
256939
256957
256967
256981
257003
257017
257053
257069
257077
257093
257099
257107
257123
257141
257161
257171
257177
257189
257219
257221
257239
257249
257263
257273
257281
257287
257293
257297
257311
257321
257339
257351
257353
257371
257381
257399
257401
257407
257437
257443
257447
257459
257473
257489
257497
257501
257503
257519
257539
257561
257591
257611
257627
257639
257657
257671
257687
257689
257707
257711
257713
257717
257731
257783
257791
257797
257837
257857
257861
257863
257867
257869
257879
257893
257903
257921
257947
257953
257981
257987
257989
257993
258019
258023
258031
258061
258067
258101
258107
258109
258113
258119
258127
258131
258143
258157
258161
258173
258197
258211
258233
258241
258253
258277
258283
258299
258317
258319
258329
258331
258337
258353
258373
258389
258403
258407
258413
258421
258437
258443
258449
258469
258487
258491
258499
258521
258527
258539
258551
258563
258569
258581
258607
258611
258613
258617
258623
258631
258637
258659
258673
258677
258691
258697
258703
258707
258721
258733
258737
258743
258763
258779
258787
258803
258809
258827
258847
258871
258887
258917
258919
258949
258959
258967
258971
258977
258983
258991
259001
259009
259019
259033
259099
259121
259123
259151
259157
259159
259163
259169
259177
259183
259201
259211
259213
259219
259229
259271
259277
259309
259321
259339
259379
259381
259387
259397
259411
259421
259429
259451
259453
259459
259499
259507
259517
259531
259537
259547
259577
259583
259603
259619
259621
259627
259631
259639
259643
259657
259667
259681
259691
259697
259717
259723
259733
259751
259771
259781
259783
259801
259813
259823
259829
259837
259841
259867
259907
259933
259937
259943
259949
259967
259991
259993
260003
260009
260011
260017
260023
260047
260081
260089
260111
260137
260171
260179
260189
260191
260201
260207
260209
260213
260231
260263
260269
260317
260329
260339
260363
260387
260399
260411
260413
260417
260419
260441
260453
260461
260467
260483
260489
260527
260539
260543
260549
260551
260569
260573
260581
260587
260609
260629
260647
260651
260671
260677
260713
260717
260723
260747
260753
260761
260773
260791
260807
260809
260849
260857
260861
260863
260873
260879
260893
260921
260941
260951
260959
260969
260983
260987
260999
261011
261013
261017
261031
261043
261059
261061
261071
261077
261089
261101
261127
261167
261169
261223
261229
261241
261251
261271
261281
261301
261323
261329
261337
261347
261353
261379
261389
261407
261427
261431
261433
261439
261451
261463
261467
261509
261523
261529
261557
261563
261577
261581
261587
261593
261601
261619
261631
261637
261641
261643
261673
261697
261707
261713
261721
261739
261757
261761
261773
261787
261791
261799
261823
261847
261881
261887
261917
261959
261971
261973
261977
261983
262007
262027
262049
262051
262069
262079
262103
262109
262111
262121
262127
262133
262139
262147
262151
262153
262187
262193
262217
262231
262237
262253
262261
262271
262303
262313
262321
262331
262337
262349
262351
262369
262387
262391
262399
262411
262433
262459
262469
262489
262501
262511
262513
262519
262541
262543
262553
262567
262583
262597
262621
262627
262643
262649
262651
262657
262681
262693
262697
262709
262723
262733
262739
262741
262747
262781
262783
262807
262819
262853
262877
262883
262897
262901
262909
262937
262949
262957
262981
263009
263023
263047
263063
263071
263077
263083
263089
263101
263111
263119
263129
263167
263171
263183
263191
263201
263209
263213
263227
263239
263257
263267
263269
263273
263287
263293
263303
263323
263369
263383
263387
263399
263401
263411
263423
263429
263437
263443
263489
263491
263503
263513
263519
263521
263533
263537
263561
263567
263573
263591
263597
263609
263611
263621
263647
263651
263657
263677
263723
263729
263737
263759
263761
263803
263819
263821
263827
263843
263849
263863
263867
263869
263881
263899
263909
263911
263927
263933
263941
263951
263953
263957
263983
264007
264013
264029
264031
264053
264059
264071
264083
264091
264101
264113
264127
264133
264137
264139
264167
264169
264179
264211
264221
264263
264269
264283
264289
264301
264323
264331
264343
264349
264353
264359
264371
264391
264403
264437
264443
264463
264487
264527
264529
264553
264559
264577
264581
264599
264601
264619
264631
264637
264643
264659
264697
264731
264739
264743
264749
264757
264763
264769
264779
264787
264791
264793
264811
264827
264829
264839
264871
264881
264889
264893
264899
264919
264931
264949
264959
264961
264977
264991
264997
265003
265007
265021
265037
265079
265091
265093
265117
265123
265129
265141
265151
265157
265163
265169
265193
265207
265231
265241
265247
265249
265261
265271
265273
265277
265313
265333
265337
265339
265381
265399
265403
265417
265423
265427
265451
265459
265471
265483
265493
265511
265513
265541
265543
265547
265561
265567
265571
265579
265607
265613
265619
265621
265703
265709
265711
265717
265729
265739
265747
265757
265781
265787
265807
265813
265819
265831
265841
265847
265861
265871
265873
265883
265891
265921
265957
265961
265987
266003
266009
266023
266027
266029
266047
266051
266053
266059
266081
266083
266089
266093
266099
266111
266117
266129
266137
266153
266159
266177
266183
266221
266239
266261
266269
266281
266291
266293
266297
266333
266351
266353
266359
266369
266381
266401
266411
266417
266447
266449
266477
266479
266489
266491
266521
266549
266587
266599
266603
266633
266641
266647
266663
266671
266677
266681
266683
266687
266689
266701
266711
266719
266759
266767
266797
266801
266821
266837
266839
266863
266867
266891
266897
266899
266909
266921
266927
266933
266947
266953
266957
266971
266977
266983
266993
266999
267017
267037
267049
267097
267131
267133
267139
267143
267167
267187
267193
267199
267203
267217
267227
267229
267233
267259
267271
267277
267299
267301
267307
267317
267341
267353
267373
267389
267391
267401
267403
267413
267419
267431
267433
267439
267451
267469
267479
267481
267493
267497
267511
267517
267521
267523
267541
267551
267557
267569
267581
267587
267593
267601
267611
267613
267629
267637
267643
267647
267649
267661
267667
267671
267677
267679
267713
267719
267721
267727
267737
267739
267749
267763
267781
267791
267797
267803
267811
267829
267833
267857
267863
267877
267887
267893
267899
267901
267907
267913
267929
267941
267959
267961
268003
268013
268043
268049
268063
268069
268091
268123
268133
268153
268171
268189
268199
268207
268211
268237
268253
268267
268271
268283
268291
268297
268343
268403
268439
268459
268487
268493
268501
268507
268517
268519
268529
268531
268537
268547
268573
268607
268613
268637
268643
268661
268693
268721
268729
268733
268747
268757
268759
268771
268777
268781
268783
268789
268811
268813
268817
268819
268823
268841
268843
268861
268883
268897
268909
268913
268921
268927
268937
268969
268973
268979
268993
268997
268999
269023
269029
269039
269041
269057
269063
269069
269089
269117
269131
269141
269167
269177
269179
269183
269189
269201
269209
269219
269221
269231
269237
269251
269257
269281
269317
269327
269333
269341
269351
269377
269383
269387
269389
269393
269413
269419
269429
269431
269441
269461
269473
269513
269519
269527
269539
269543
269561
269573
269579
269597
269617
269623
269641
269651
269663
269683
269701
269713
269719
269723
269741
269749
269761
269779
269783
269791
269851
269879
269887
269891
269897
269923
269939
269947
269953
269981
269987
270001
270029
270031
270037
270059
270071
270073
270097
270121
270131
270133
270143
270157
270163
270167
270191
270209
270217
270223
270229
270239
270241
270269
270271
270287
270299
270307
270311
270323
270329
270337
270343
270371
270379
270407
270421
270437
270443
270451
270461
270463
270493
270509
270527
270539
270547
270551
270553
270563
270577
270583
270587
270593
270601
270619
270631
270653
270659
270667
270679
270689
270701
270709
270719
270737
270749
270761
270763
270791
270797
270799
270821
270833
270841
270859
270899
270913
270923
270931
270937
270953
270961
270967
270973
271003
271013
271021
271027
271043
271057
271067
271079
271097
271109
271127
271129
271163
271169
271177
271181
271211
271217
271231
271241
271253
271261
271273
271277
271279
271289
271333
271351
271357
271363
271367
271393
271409
271429
271451
271463
271471
271483
271489
271499
271501
271517
271549
271553
271571
271573
271597
271603
271619
271637
271639
271651
271657
271693
271703
271723
271729
271753
271769
271771
271787
271807
271811
271829
271841
271849
271853
271861
271867
271879
271897
271903
271919
271927
271939
271967
271969
271981
272003
272009
272011
272029
272039
272053
272059
272093
272131
272141
272171
272179
272183
272189
272191
272201
272203
272227
272231
272249
272257
272263
272267
272269
272287
272299
272317
272329
272333
272341
272347
272351
272353
272359
272369
272381
272383
272399
272407
272411
272417
272423
272449
272453
272477
272507
272533
272537
272539
272549
272563
272567
272581
272603
272621
272651
272659
272683
272693
272717
272719
272737
272759
272761
272771
272777
272807
272809
272813
272863
272879
272887
272903
272911
272917
272927
272933
272959
272971
272981
272983
272989
272999
273001
273029
273043
273047
273059
273061
273067
273073
273083
273107
273113
273127
273131
273149
273157
273181
273187
273193
273233
273253
273269
273271
273281
273283
273289
273311
273313
273323
273349
273359
273367
273433
273457
273473
273503
273517
273521
273527
273551
273569
273601
273613
273617
273629
273641
273643
273653
273697
273709
273719
273727
273739
273773
273787
273797
273803
273821
273827
273857
273881
273899
273901
273913
273919
273929
273941
273943
273967
273971
273979
273997
274007
274019
274033
274061
274069
274081
274093
274103
274117
274121
274123
274139
274147
274163
274171
274177
274187
274199
274201
274213
274223
274237
274243
274259
274271
274277
274283
274301
274333
274349
274357
274361
274403
274423
274441
274451
274453
274457
274471
274489
274517
274529
274579
274583
274591
274609
274627
274661
274667
274679
274693
274697
274709
274711
274723
274739
274751
274777
274783
274787
274811
274817
274829
274831
274837
274843
274847
274853
274861
274867
274871
274889
274909
274931
274943
274951
274957
274961
274973
274993
275003
275027
275039
275047
275053
275059
275083
275087
275129
275131
275147
275153
275159
275161
275167
275183
275201
275207
275227
275251
275263
275269
275299
275309
275321
275323
275339
275357
275371
275389
275393
275399
275419
275423
275447
275449
275453
275459
275461
275489
275491
275503
275521
275531
275543
275549
275573
275579
275581
275591
275593
275599
275623
275641
275651
275657
275669
275677
275699
275711
275719
275729
275741
275767
275773
275783
275813
275827
275837
275881
275897
275911
275917
275921
275923
275929
275939
275941
275963
275969
275981
275987
275999
276007
276011
276019
276037
276041
276043
276047
276049
276079
276083
276091
276113
276137
276151
276173
276181
276187
276191
276209
276229
276239
276247
276251
276257
276277
276293
276319
276323
276337
276343
276347
276359
276371
276373
276389
276401
276439
276443
276449
276461
276467
276487
276499
276503
276517
276527
276553
276557
276581
276587
276589
276593
276599
276623
276629
276637
276671
276673
276707
276721
276739
276763
276767
276779
276781
276817
276821
276823
276827
276833
276839
276847
276869
276883
276901
276907
276917
276919
276929
276949
276953
276961
276977
277003
277007
277021
277051
277063
277073
277087
277097
277099
277157
277163
277169
277177
277183
277213
277217
277223
277231
277247
277259
277261
277273
277279
277297
277301
277309
277331
277363
277373
277411
277421
277427
277429
277483
277493
277499
277513
277531
277547
277549
277567
277577
277579
277597
277601
277603
277637
277639
277643
277657
277663
277687
277691
277703
277741
277747
277751
277757
277787
277789
277793
277813
277829
277847
277859
277883
277889
277891
277897
277903
277919
277961
277993
277999
278017
278029
278041
278051
278063
278071
278087
278111
278119
278123
278143
278147
278149
278177
278191
278207
278209
278219
278227
278233
278237
278261
278269
278279
278321
278329
278347
278353
278363
278387
278393
278413
278437
278459
278479
278489
278491
278497
278501
278503
278543
278549
278557
278561
278563
278581
278591
278609
278611
278617
278623
278627
278639
278651
278671
278687
278689
278701
278717
278741
278743
278753
278767
278801
278807
278809
278813
278819
278827
278843
278849
278867
278879
278881
278891
278903
278909
278911
278917
278947
278981
279001
279007
279023
279029
279047
279073
279109
279119
279121
279127
279131
279137
279143
279173
279179
279187
279203
279211
279221
279269
279311
279317
279329
279337
279353
279397
279407
279413
279421
279431
279443
279451
279479
279481
279511
279523
279541
279551
279553
279557
279571
279577
279583
279593
279607
279613
279619
279637
279641
279649
279659
279679
279689
279707
279709
279731
279751
279761
279767
279779
279817
279823
279847
279857
279863
279883
279913
279919
279941
279949
279967
279977
279991
280001
280009
280013
280031
280037
280061
280069
280097
280099
280103
280121
280129
280139
280183
280187
280199
280207
280219
280223
280229
280243
280249
280253
280277
280297
280303
280321
280327
280337
280339
280351
280373
280409
280411
280451
280463
280487
280499
280507
280513
280537
280541
280547
280549
280561
280583
280589
280591
280597
280603
280607
280613
280627
280639
280673
280681
280697
280699
280703
280711
280717
280729
280751
280759
280769
280771
280811
280817
280837
280843
280859
280871
280879
280883
280897
280909
280913
280921
280927
280933
280939
280949
280957
280963
280967
280979
280997
281023
281033
281053
281063
281069
281081
281117
281131
281153
281159
281167
281189
281191
281207
281227
281233
281243
281249
281251
281273
281279
281291
281297
281317
281321
281327
281339
281353
281357
281363
281381
281419
281423
281429
281431
281509
281527
281531
281539
281549
281551
281557
281563
281579
281581
281609
281621
281623
281627
281641
281647
281651
281653
281663
281669
281683
281717
281719
281737
281747
281761
281767
281777
281783
281791
281797
281803
281807
281833
281837
281839
281849
281857
281867
281887
281893
281921
281923
281927
281933
281947
281959
281971
281989
281993
282001
282011
282019
282053
282059
282071
282089
282091
282097
282101
282103
282127
282143
282157
282167
282221
282229
282239
282241
282253
282281
282287
282299
282307
282311
282313
282349
282377
282383
282389
282391
282407
282409
282413
282427
282439
282461
282481
282487
282493
282559
282563
282571
282577
282589
282599
282617
282661
282671
282677
282679
282683
282691
282697
282703
282707
282713
282767
282769
282773
282797
282809
282827
282833
282847
282851
282869
282881
282889
282907
282911
282913
282917
282959
282973
282977
282991
283001
283007
283009
283027
283051
283079
283093
283097
283099
283111
283117
283121
283133
283139
283159
283163
283181
283183
283193
283207
283211
283267
283277
283289
283303
283369
283397
283403
283411
283447
283463
283487
283489
283501
283511
283519
283541
283553
283571
283573
283579
283583
283601
283607
283609
283631
283637
283639
283669
283687
283697
283721
283741
283763
283769
283771
283793
283799
283807
283813
283817
283831
283837
283859
283861
283873
283909
283937
283949
283957
283961
283979
284003
284023
284041
284051
284057
284059
284083
284093
284111
284117
284129
284131
284149
284153
284159
284161
284173
284191
284201
284227
284231
284233
284237
284243
284261
284267
284269
284293
284311
284341
284357
284369
284377
284387
284407
284413
284423
284429
284447
284467
284477
284483
284489
284507
284509
284521
284527
284539
284551
284561
284573
284587
284591
284593
284623
284633
284651
284657
284659
284681
284689
284701
284707
284723
284729
284731
284737
284741
284743
284747
284749
284759
284777
284783
284803
284807
284813
284819
284831
284833
284839
284857
284881
284897
284899
284917
284927
284957
284969
284989
285007
285023
285031
285049
285071
285079
285091
285101
285113
285119
285121
285139
285151
285161
285179
285191
285199
285221
285227
285251
285281
285283
285287
285289
285301
285317
285343
285377
285421
285433
285451
285457
285463
285469
285473
285497
285517
285521
285533
285539
285553
285557
285559
285569
285599
285611
285613
285629
285631
285641
285643
285661
285667
285673
285697
285707
285709
285721
285731
285749
285757
285763
285767
285773
285781
285823
285827
285839
285841
285871
285937
285949
285953
285977
285979
285983
285997
286001
286009
286019
286043
286049
286061
286063
286073
286103
286129
286163
286171
286199
286243
286249
286289
286301
286333
286367
286369
286381
286393
286397
286411
286421
286427
286453
286457
286459
286469
286477
286483
286487
286493
286499
286513
286519
286541
286543
286547
286553
286589
286591
286609
286613
286619
286633
286651
286673
286687
286697
286703
286711
286721
286733
286751
286753
286763
286771
286777
286789
286801
286813
286831
286859
286873
286927
286973
286981
286987
286999
287003
287047
287057
287059
287087
287093
287099
287107
287117
287137
287141
287149
287159
287167
287173
287179
287191
287219
287233
287237
287239
287251
287257
287269
287279
287281
287291
287297
287321
287327
287333
287341
287347
287383
287387
287393
287437
287449
287491
287501
287503
287537
287549
287557
287579
287597
287611
287629
287669
287671
287681
287689
287701
287731
287747
287783
287789
287801
287813
287821
287849
287851
287857
287863
287867
287873
287887
287921
287933
287939
287977
288007
288023
288049
288053
288061
288077
288089
288109
288137
288179
288181
288191
288199
288203
288209
288227
288241
288247
288257
288283
288293
288307
288313
288317
288349
288359
288361
288383
288389
288403
288413
288427
288433
288461
288467
288481
288493
288499
288527
288529
288539
288551
288559
288571
288577
288583
288647
288649
288653
288661
288679
288683
288689
288697
288731
288733
288751
288767
288773
288803
288817
288823
288833
288839
288851
288853
288877
288907
288913
288929
288931
288947
288973
288979
288989
288991
288997
289001
289019
289021
289031
289033
289039
289049
289063
289067
289099
289103
289109
289111
289127
289129
289139
289141
289151
289169
289171
289181
289189
289193
289213
289241
289243
289249
289253
289273
289283
289291
289297
289309
289319
289343
289349
289361
289369
289381
289397
289417
289423
289439
289453
289463
289469
289477
289489
289511
289543
289559
289573
289577
289589
289603
289607
289637
289643
289657
289669
289717
289721
289727
289733
289741
289759
289763
289771
289789
289837
289841
289843
289847
289853
289859
289871
289889
289897
289937
289951
289957
289967
289973
289987
289999
290011
290021
290023
290027
290033
290039
290041
290047
290057
290083
290107
290113
290119
290137
290141
290161
290183
290189
290201
290209
290219
290233
290243
290249
290317
290327
290347
290351
290359
290369
290383
290393
290399
290419
290429
290441
290443
290447
290471
290473
290489
290497
290509
290527
290531
290533
290539
290557
290593
290597
290611
290617
290621
290623
290627
290657
290659
290663
290669
290671
290677
290701
290707
290711
290737
290761
290767
290791
290803
290821
290827
290837
290839
290861
290869
290879
290897
290923
290959
290963
290971
290987
290993
290999
291007
291013
291037
291041
291043
291077
291089
291101
291103
291107
291113
291143
291167
291169
291173
291191
291199
291209
291217
291253
291257
291271
291287
291293
291299
291331
291337
291349
291359
291367
291371
291373
291377
291419
291437
291439
291443
291457
291481
291491
291503
291509
291521
291539
291547
291559
291563
291569
291619
291647
291649
291661
291677
291689
291691
291701
291721
291727
291743
291751
291779
291791
291817
291829
291833
291853
291857
291869
291877
291887
291899
291901
291923
291971
291979
291983
291997
292021
292027
292037
292057
292069
292079
292081
292091
292093
292133
292141
292147
292157
292181
292183
292223
292231
292241
292249
292267
292283
292301
292309
292319
292343
292351
292363
292367
292381
292393
292427
292441
292459
292469
292471
292477
292483
292489
292493
292517
292531
292541
292549
292561
292573
292577
292601
292627
292631
292661
292667
292673
292679
292693
292703
292709
292711
292717
292727
292753
292759
292777
292793
292801
292807
292819
292837
292841
292849
292867
292879
292909
292921
292933
292969
292973
292979
292993
293021
293071
293081
293087
293093
293099
293107
293123
293129
293147
293149
293173
293177
293179
293201
293207
293213
293221
293257
293261
293263
293269
293311
293329
293339
293351
293357
293399
293413
293431
293441
293453
293459
293467
293473
293483
293507
293543
293599
293603
293617
293621
293633
293639
293651
293659
293677
293681
293701
293717
293723
293729
293749
293767
293773
293791
293803
293827
293831
293861
293863
293893
293899
293941
293957
293983
293989
293999
294001
294013
294023
294029
294043
294053
294059
294067
294103
294127
294131
294149
294157
294167
294169
294179
294181
294199
294211
294223
294227
294241
294247
294251
294269
294277
294289
294293
294311
294313
294317
294319
294337
294341
294347
294353
294383
294391
294397
294403
294431
294439
294461
294467
294479
294499
294509
294523
294529
294551
294563
294629
294641
294647
294649
294659
294673
294703
294731
294751
294757
294761
294773
294781
294787
294793
294799
294803
294809
294821
294829
294859
294869
294887
294893
294911
294919
294923
294947
294949
294953
294979
294989
294991
294997
295007
295033
295037
295039
295049
295073
295079
295081
295111
295123
295129
295153
295187
295199
295201
295219
295237
295247
295259
295271
295277
295283
295291
295313
295319
295333
295357
295363
295387
295411
295417
295429
295433
295439
295441
295459
295513
295517
295541
295553
295567
295571
295591
295601
295663
295693
295699
295703
295727
295751
295759
295769
295777
295787
295819
295831
295837
295843
295847
295853
295861
295871
295873
295877
295879
295901
295903
295909
295937
295943
295949
295951
295961
295973
295993
296011
296017
296027
296041
296047
296071
296083
296099
296117
296129
296137
296159
296183
296201
296213
296221
296237
296243
296249
296251
296269
296273
296279
296287
296299
296347
296353
296363
296369
296377
296437
296441
296473
296477
296479
296489
296503
296507
296509
296519
296551
296557
296561
296563
296579
296581
296587
296591
296627
296651
296663
296669
296683
296687
296693
296713
296719
296729
296731
296741
296749
296753
296767
296771
296773
296797
296801
296819
296827
296831
296833
296843
296909
296911
296921
296929
296941
296969
296971
296981
296983
296987
297019
297023
297049
297061
297067
297079
297083
297097
297113
297133
297151
297161
297169
297191
297233
297247
297251
297257
297263
297289
297317
297359
297371
297377
297391
297397
297403
297421
297439
297457
297467
297469
297481
297487
297503
297509
297523
297533
297581
297589
297601
297607
297613
297617
297623
297629
297641
297659
297683
297691
297707
297719
297727
297757
297779
297793
297797
297809
297811
297833
297841
297853
297881
297889
297893
297907
297911
297931
297953
297967
297971
297989
297991
298013
298021
298031
298043
298049
298063
298087
298093
298099
298153
298157
298159
298169
298171
298187
298201
298211
298213
298223
298237
298247
298261
298283
298303
298307
298327
298339
298343
298349
298369
298373
298399
298409
298411
298427
298451
298477
298483
298513
298559
298579
298583
298589
298601
298607
298621
298631
298651
298667
298679
298681
298687
298691
298693
298709
298723
298733
298757
298759
298777
298799
298801
298817
298819
298841
298847
298853
298861
298897
298937
298943
298993
298999
299011
299017
299027
299029
299053
299059
299063
299087
299099
299107
299113
299137
299147
299171
299179
299191
299197
299213
299239
299261
299281
299287
299311
299317
299329
299333
299357
299359
299363
299371
299389
299393
299401
299417
299419
299447
299471
299473
299477
299479
299501
299513
299521
299527
299539
299567
299569
299603
299617
299623
299653
299671
299681
299683
299699
299701
299711
299723
299731
299743
299749
299771
299777
299807
299843
299857
299861
299881
299891
299903
299909
299933
299941
299951
299969
299977
299983
299993
300007
300017
300023
300043
300073
300089
300109
300119
300137
300149
300151
300163
300187
300191
300193
300221
300229
300233
300239
300247
300277
300299
300301
300317
300319
300323
300331
300343
300347
300367
300397
300413
300427
300431
300439
300463
300481
300491
300493
300497
300499
300511
300557
300569
300581
300583
300589
300593
300623
300631
300647
300649
300661
300667
300673
300683
300691
300719
300721
300733
300739
300743
300749
300757
300761
300779
300787
300799
300809
300821
300823
300851
300857
300869
300877
300889
300893
300929
300931
300953
300961
300967
300973
300977
300997
301013
301027
301039
301051
301057
301073
301079
301123
301127
301141
301153
301159
301177
301181
301183
301211
301219
301237
301241
301243
301247
301267
301303
301319
301331
301333
301349
301361
301363
301381
301403
301409
301423
301429
301447
301459
301463
301471
301487
301489
301493
301501
301531
301577
301579
301583
301591
301601
301619
301627
301643
301649
301657
301669
301673
301681
301703
301711
301747
301751
301753
301759
301789
301793
301813
301831
301841
301843
301867
301877
301897
301901
301907
301913
301927
301933
301943
301949
301979
301991
301993
301997
301999
302009
302053
302111
302123
302143
302167
302171
302173
302189
302191
302213
302221
302227
302261
302273
302279
302287
302297
302299
302317
302329
302399
302411
302417
302429
302443
302459
302483
302507
302513
302551
302563
302567
302573
302579
302581
302587
302593
302597
302609
302629
302647
302663
302681
302711
302723
302747
302759
302767
302779
302791
302801
302831
302833
302837
302843
302851
302857
302873
302891
302903
302909
302921
302927
302941
302959
302969
302971
302977
302983
302989
302999
303007
303011
303013
303019
303029
303049
303053
303073
303089
303091
303097
303119
303139
303143
303151
303157
303187
303217
303257
303271
303283
303287
303293
303299
303307
303313
303323
303337
303341
303361
303367
303371
303377
303379
303389
303409
303421
303431
303463
303469
303473
303491
303493
303497
303529
303539
303547
303551
303553
303571
303581
303587
303593
303613
303617
303619
303643
303647
303649
303679
303683
303689
303691
303703
303713
303727
303731
303749
303767
303781
303803
303817
303827
303839
303859
303871
303889
303907
303917
303931
303937
303959
303983
303997
304009
304013
304021
304033
304039
304049
304063
304067
304069
304081
304091
304099
304127
304151
304153
304163
304169
304193
304211
304217
304223
304253
304259
304279
304301
304303
304331
304349
304357
304363
304373
304391
304393
304411
304417
304429
304433
304439
304457
304459
304477
304481
304489
304501
304511
304517
304523
304537
304541
304553
304559
304561
304597
304609
304631
304643
304651
304663
304687
304709
304723
304729
304739
304751
304757
304763
304771
304781
304789
304807
304813
304831
304847
304849
304867
304879
304883
304897
304901
304903
304907
304933
304937
304943
304949
304961
304979
304981
305017
305021
305023
305029
305033
305047
305069
305093
305101
305111
305113
305119
305131
305143
305147
305209
305219
305231
305237
305243
305267
305281
305297
305329
305339
305351
305353
305363
305369
305377
305401
305407
305411
305413
305419
305423
305441
305449
305471
305477
305479
305483
305489
305497
305521
305533
305551
305563
305581
305593
305597
305603
305611
305621
305633
305639
305663
305717
305719
305741
305743
305749
305759
305761
305771
305783
305803
305821
305839
305849
305857
305861
305867
305873
305917
305927
305933
305947
305971
305999
306011
306023
306029
306041
306049
306083
306091
306121
306133
306139
306149
306157
306167
306169
306191
306193
306209
306239
306247
306253
306259
306263
306301
306329
306331
306347
306349
306359
306367
306377
306389
306407
306419
306421
306431
306437
306457
306463
306473
306479
306491
306503
306511
306517
306529
306533
306541
306563
306577
306587
306589
306643
306653
306661
306689
306701
306703
306707
306727
306739
306749
306763
306781
306809
306821
306827
306829
306847
306853
306857
306871
306877
306883
306893
306899
306913
306919
306941
306947
306949
306953
306991
307009
307019
307031
307033
307067
307079
307091
307093
307103
307121
307129
307147
307163
307169
307171
307187
307189
307201
307243
307253
307259
307261
307267
307273
307277
307283
307289
307301
307337
307339
307361
307367
307381
307397
307399
307409
307423
307451
307471
307481
307511
307523
307529
307537
307543
307577
307583
307589
307609
307627
307631
307633
307639
307651
307669
307687
307691
307693
307711
307733
307759
307817
307823
307831
307843
307859
307871
307873
307891
307903
307919
307939
307969
308003
308017
308027
308041
308051
308081
308093
308101
308107
308117
308129
308137
308141
308149
308153
308213
308219
308249
308263
308291
308293
308303
308309
308311
308317
308323
308327
308333
308359
308383
308411
308423
308437
308447
308467
308489
308491
308501
308507
308509
308519
308521
308527
308537
308551
308569
308573
308587
308597
308621
308639
308641
308663
308681
308701
308713
308723
308761
308773
308801
308809
308813
308827
308849
308851
308857
308887
308899
308923
308927
308929
308933
308939
308951
308989
308999
309007
309011
309013
309019
309031
309037
309059
309079
309083
309091
309107
309109
309121
309131
309137
309157
309167
309173
309193
309223
309241
309251
309259
309269
309271
309277
309289
309293
309311
309313
309317
309359
309367
309371
309391
309403
309433
309437
309457
309461
309469
309479
309481
309493
309503
309521
309523
309539
309541
309559
309571
309577
309583
309599
309623
309629
309637
309667
309671
309677
309707
309713
309731
309737
309769
309779
309781
309797
309811
309823
309851
309853
309857
309877
309899
309929
309931
309937
309977
309989
310019
310021
310027
310043
310049
310081
310087
310091
310111
310117
310127
310129
310169
310181
310187
310223
310229
310231
310237
310243
310273
310283
310291
310313
310333
310357
310361
310363
310379
310397
310423
310433
310439
310447
310459
310463
310481
310489
310501
310507
310511
310547
310553
310559
310567
310571
310577
310591
310627
310643
310663
310693
310697
310711
310721
310727
310729
310733
310741
310747
310771
310781
310789
310801
310819
310823
310829
310831
310861
310867
310883
310889
310901
310927
310931
310949
310969
310987
310997
311009
311021
311027
311033
311041
311099
311111
311123
311137
311153
311173
311177
311183
311189
311197
311203
311237
311279
311291
311293
311299
311303
311323
311329
311341
311347
311359
311371
311393
311407
311419
311447
311453
311473
311533
311537
311539
311551
311557
311561
311567
311569
311603
311609
311653
311659
311677
311681
311683
311687
311711
311713
311737
311743
311747
311749
311791
311803
311807
311821
311827
311867
311869
311881
311897
311951
311957
311963
311981
312007
312023
312029
312031
312043
312047
312071
312073
312083
312089
312101
312107
312121
312161
312197
312199
312203
312209
312211
312217
312229
312233
312241
312251
312253
312269
312281
312283
312289
312311
312313
312331
312343
312349
312353
312371
312383
312397
312401
312407
312413
312427
312451
312469
312509
312517
312527
312551
312553
312563
312581
312583
312589
312601
312617
312619
312623
312643
312673
312677
312679
312701
312703
312709
312727
312737
312743
312757
312773
312779
312799
312839
312841
312857
312863
312887
312899
312929
312931
312937
312941
312943
312967
312971
312979
312989
313003
313009
313031
313037
313081
313087
313109
313127
313129
313133
313147
313151
313153
313163
313207
313211
313219
313241
313249
313267
313273
313289
313297
313301
313307
313321
313331
313333
313343
313351
313373
313381
313387
313399
313409
313471
313477
313507
313517
313543
313549
313553
313561
313567
313571
313583
313589
313597
313603
313613
313619
313637
313639
313661
313669
313679
313699
313711
313717
313721
313727
313739
313741
313763
313777
313783
313829
313849
313853
313879
313883
313889
313897
313909
313921
313931
313933
313949
313961
313969
313979
313981
313987
313991
313993
313997
314003
314021
314059
314063
314077
314107
314113
314117
314129
314137
314159
314161
314173
314189
314213
314219
314227
314233
314239
314243
314257
314261
314263
314267
314299
314329
314339
314351
314357
314359
314399
314401
314407
314423
314441
314453
314467
314491
314497
314513
314527
314543
314549
314569
314581
314591
314597
314599
314603
314623
314627
314641
314651
314693
314707
314711
314719
314723
314747
314761
314771
314777
314779
314807
314813
314827
314851
314879
314903
314917
314927
314933
314953
314957
314983
314989
315011
315013
315037
315047
315059
315067
315083
315097
315103
315109
315127
315179
315181
315193
315199
315223
315247
315251
315257
315269
315281
315313
315349
315361
315373
315377
315389
315407
315409
315421
315437
315449
315451
315461
315467
315481
315493
315517
315521
315527
315529
315547
315551
315559
315569
315589
315593
315599
315613
315617
315631
315643
315671
315677
315691
315697
315701
315703
315739
315743
315751
315779
315803
315811
315829
315851
315857
315881
315883
315893
315899
315907
315937
315949
315961
315967
315977
316003
316031
316033
316037
316051
316067
316073
316087
316097
316109
316133
316139
316153
316177
316189
316193
316201
316213
316219
316223
316241
316243
316259
316271
316291
316297
316301
316321
316339
316343
316363
316373
316391
316403
316423
316429
316439
316453
316469
316471
316493
316499
316501
316507
316531
316567
316571
316577
316583
316621
316633
316637
316649
316661
316663
316681
316691
316697
316699
316703
316717
316753
316759
316769
316777
316783
316793
316801
316817
316819
316847
316853
316859
316861
316879
316891
316903
316907
316919
316937
316951
316957
316961
316991
317003
317011
317021
317029
317047
317063
317071
317077
317087
317089
317123
317159
317171
317179
317189
317197
317209
317227
317257
317263
317267
317269
317279
317321
317323
317327
317333
317351
317353
317363
317371
317399
317411
317419
317431
317437
317453
317459
317483
317489
317491
317503
317539
317557
317563
317587
317591
317593
317599
317609
317617
317621
317651
317663
317671
317693
317701
317711
317717
317729
317731
317741
317743
317771
317773
317777
317783
317789
317797
317827
317831
317839
317857
317887
317903
317921
317923
317957
317959
317963
317969
317971
317983
317987
318001
318007
318023
318077
318103
318107
318127
318137
318161
318173
318179
318181
318191
318203
318209
318211
318229
318233
318247
318259
318271
318281
318287
318289
318299
318301
318313
318319
318323
318337
318347
318349
318377
318403
318407
318419
318431
318443
318457
318467
318473
318503
318523
318557
318559
318569
318581
318589
318601
318629
318641
318653
318671
318677
318679
318683
318691
318701
318713
318737
318743
318749
318751
318781
318793
318809
318811
318817
318823
318833
318841
318863
318881
318883
318889
318907
318911
318917
318919
318949
318979
319001
319027
319031
319037
319049
319057
319061
319069
319093
319097
319117
319127
319129
319133
319147
319159
319169
319183
319201
319211
319223
319237
319259
319279
319289
319313
319321
319327
319339
319343
319351
319357
319387
319391
319399
319411
319427
319433
319439
319441
319453
319469
319477
319483
319489
319499
319511
319519
319541
319547
319567
319577
319589
319591
319601
319607
319639
319673
319679
319681
319687
319691
319699
319727
319729
319733
319747
319757
319763
319811
319817
319819
319829
319831
319849
319883
319897
319901
319919
319927
319931
319937
319967
319973
319981
319993
320009
320011
320027
320039
320041
320053
320057
320063
320081
320083
320101
320107
320113
320119
320141
320143
320149
320153
320179
320209
320213
320219
320237
320239
320267
320269
320273
320291
320293
320303
320317
320329
320339
320377
320387
320389
320401
320417
320431
320449
320471
320477
320483
320513
320521
320533
320539
320561
320563
320591
320609
320611
320627
320647
320657
320659
320669
320687
320693
320699
320713
320741
320759
320767
320791
320821
320833
320839
320843
320851
320861
320867
320899
320911
320923
320927
320939
320941
320953
321007
321017
321031
321037
321047
321053
321073
321077
321091
321109
321143
321163
321169
321187
321193
321199
321203
321221
321227
321239
321247
321289
321301
321311
321313
321319
321323
321329
321331
321341
321359
321367
321371
321383
321397
321403
321413
321427
321443
321449
321467
321469
321509
321547
321553
321569
321571
321577
321593
321611
321617
321619
321631
321647
321661
321679
321707
321709
321721
321733
321743
321751
321757
321779
321799
321817
321821
321823
321829
321833
321847
321851
321889
321901
321911
321947
321949
321961
321983
321991
322001
322009
322013
322037
322039
322051
322057
322067
322073
322079
322093
322097
322109
322111
322139
322169
322171
322193
322213
322229
322237
322243
322247
322249
322261
322271
322319
322327
322339
322349
322351
322397
322403
322409
322417
322429
322433
322459
322463
322501
322513
322519
322523
322537
322549
322559
322571
322573
322583
322589
322591
322607
322613
322627
322631
322633
322649
322669
322709
322727
322747
322757
322769
322771
322781
322783
322807
322849
322859
322871
322877
322891
322901
322919
322921
322939
322951
322963
322969
322997
322999
323003
323009
323027
323053
323077
323083
323087
323093
323101
323123
323131
323137
323149
323201
323207
323233
323243
323249
323251
323273
323333
323339
323341
323359
323369
323371
323377
323381
323383
323413
323419
323441
323443
323467
323471
323473
323507
323509
323537
323549
323567
323579
323581
323591
323597
323599
323623
323641
323647
323651
323699
323707
323711
323717
323759
323767
323789
323797
323801
323803
323819
323837
323879
323899
323903
323923
323927
323933
323951
323957
323987
324011
324031
324053
324067
324073
324089
324097
324101
324113
324119
324131
324143
324151
324161
324179
324199
324209
324211
324217
324223
324239
324251
324293
324299
324301
324319
324329
324341
324361
324391
324397
324403
324419
324427
324431
324437
324439
324449
324451
324469
324473
324491
324497
324503
324517
324523
324529
324557
324587
324589
324593
324617
324619
324637
324641
324647
324661
324673
324689
324697
324707
324733
324743
324757
324763
324773
324781
324791
324799
324809
324811
324839
324847
324869
324871
324889
324893
324901
324931
324941
324949
324953
324977
324979
324983
324991
324997
325001
325009
325019
325021
325027
325043
325051
325063
325079
325081
325093
325133
325153
325163
325181
325187
325189
325201
325217
325219
325229
325231
325249
325271
325301
325307
325309
325319
325333
325343
325349
325379
325411
325421
325439
325447
325453
325459
325463
325477
325487
325513
325517
325537
325541
325543
325571
325597
325607
325627
325631
325643
325667
325673
325681
325691
325693
325697
325709
325723
325729
325747
325751
325753
325769
325777
325781
325783
325807
325813
325849
325861
325877
325883
325889
325891
325901
325921
325939
325943
325951
325957
325987
325993
325999
326023
326057
326063
326083
326087
326099
326101
326113
326119
326141
326143
326147
326149
326153
326159
326171
326189
326203
326219
326251
326257
326309
326323
326351
326353
326369
326437
326441
326449
326467
326479
326497
326503
326537
326539
326549
326561
326563
326567
326581
326593
326597
326609
326611
326617
326633
326657
326659
326663
326681
326687
326693
326701
326707
326737
326741
326773
326779
326831
326863
326867
326869
326873
326881
326903
326923
326939
326941
326947
326951
326983
326993
326999
327001
327007
327011
327017
327023
327059
327071
327079
327127
327133
327163
327179
327193
327203
327209
327211
327247
327251
327263
327277
327289
327307
327311
327317
327319
327331
327337
327343
327347
327401
327407
327409
327419
327421
327433
327443
327463
327469
327473
327479
327491
327493
327499
327511
327517
327529
327553
327557
327559
327571
327581
327583
327599
327619
327629
327647
327661
327667
327673
327689
327707
327721
327737
327739
327757
327779
327797
327799
327809
327823
327827
327829
327839
327851
327853
327869
327871
327881
327889
327917
327923
327941
327953
327967
327979
327983
328007
328037
328043
328051
328061
328063
328067
328093
328103
328109
328121
328127
328129
328171
328177
328213
328243
328249
328271
328277
328283
328291
328303
328327
328331
328333
328343
328357
328373
328379
328381
328397
328411
328421
328429
328439
328481
328511
328513
328519
328543
328579
328589
328591
328619
328621
328633
328637
328639
328651
328667
328687
328709
328721
328753
328777
328781
328787
328789
328813
328829
328837
328847
328849
328883
328891
328897
328901
328919
328921
328931
328961
328981
329009
329027
329053
329059
329081
329083
329089
329101
329111
329123
329143
329167
329177
329191
329201
329207
329209
329233
329243
329257
329267
329269
329281
329293
329297
329299
329309
329317
329321
329333
329347
329387
329393
329401
329419
329431
329471
329473
329489
329503
329519
329533
329551
329557
329587
329591
329597
329603
329617
329627
329629
329639
329657
329663
329671
329677
329683
329687
329711
329717
329723
329729
329761
329773
329779
329789
329801
329803
329863
329867
329873
329891
329899
329941
329947
329951
329957
329969
329977
329993
329999
330017
330019
330037
330041
330047
330053
330061
330067
330097
330103
330131
330133
330139
330149
330167
330199
330203
330217
330227
330229
330233
330241
330247
330271
330287
330289
330311
330313
330329
330331
330347
330359
330383
330389
330409
330413
330427
330431
330433
330439
330469
330509
330557
330563
330569
330587
330607
330611
330623
330641
330643
330653
330661
330679
330683
330689
330697
330703
330719
330721
330731
330749
330767
330787
330791
330793
330821
330823
330839
330853
330857
330859
330877
330887
330899
330907
330917
330943
330983
330997
331013
331027
331031
331043
331063
331081
331099
331127
331141
331147
331153
331159
331171
331183
331207
331213
331217
331231
331241
331249
331259
331277
331283
331301
331307
331319
331333
331337
331339
331349
331367
331369
331391
331399
331423
331447
331451
331489
331501
331511
331519
331523
331537
331543
331547
331549
331553
331577
331579
331589
331603
331609
331613
331651
331663
331691
331693
331697
331711
331739
331753
331769
331777
331781
331801
331819
331841
331843
331871
331883
331889
331897
331907
331909
331921
331937
331943
331957
331967
331973
331997
331999
332009
332011
332039
332053
332069
332081
332099
332113
332117
332147
332159
332161
332179
332183
332191
332201
332203
332207
332219
332221
332251
332263
332273
332287
332303
332309
332317
332393
332399
332411
332417
332441
332447
332461
332467
332471
332473
332477
332489
332509
332513
332561
332567
332569
332573
332611
332617
332623
332641
332687
332699
332711
332729
332743
332749
332767
332779
332791
332803
332837
332851
332873
332881
332887
332903
332921
332933
332947
332951
332987
332989
332993
333019
333023
333029
333031
333041
333049
333071
333097
333101
333103
333107
333131
333139
333161
333187
333197
333209
333227
333233
333253
333269
333271
333283
333287
333299
333323
333331
