1 500000 1 0.122842
1 500000 2 0.069187
1 500000 3 0.050106
1 500000 4 0.048620
1 500000 5 0.041636
1 500000 6 0.047788
1 500000 7 0.037700
1 500000 8 0.046108
1 500000 9 0.043422
1 500000 10 0.050994
1 500000 11 0.057582
1 500000 12 0.064571
1 1000000 1 0.317958
1 1000000 2 0.157524
1 1000000 3 0.130329
1 1000000 4 0.096195
1 1000000 5 0.081753
1 1000000 6 0.091091
1 1000000 7 0.097214
1 1000000 8 0.067556
1 1000000 9 0.118354
1 1000000 10 0.076224
1 1000000 11 0.121855
1 1000000 12 0.103959
1 2000000 1 0.677947
1 2000000 2 0.380661
1 2000000 3 0.275658
1 2000000 4 0.269665
1 2000000 5 0.195447
1 2000000 6 0.198656
1 2000000 7 0.182506
1 2000000 8 0.145263
1 2000000 9 0.217079
1 2000000 10 0.140501
1 2000000 11 0.135638
1 2000000 12 0.140472
